{
 "cells": [
  {
   "cell_type": "code",
   "execution_count": 1,
   "metadata": {},
   "outputs": [
    {
     "name": "stdout",
     "output_type": "stream",
     "text": [
      "period length is  396\n"
     ]
    },
    {
     "name": "stderr",
     "output_type": "stream",
     "text": [
      "Iterations ENKF <class 'model1_class.Model1'>: 100%|██████████| 396/396 [00:12<00:00, 31.92it/s]\n",
      "Iterations ENKF <class 'model2_class.Model2'>: 100%|██████████| 396/396 [01:32<00:00,  4.30it/s]\n",
      "Model error estimate without ENKF:   0%|          | 0/30 [00:00<?, ?it/s]c:\\Users\\yoswald\\Dropbox\\Arbeit\\postdoc_leeds\\real_time_ineq_abm\\rtabm\\model1_class.py:272: UserWarning: set_ticklabels() should only be used with a fixed number of ticks, i.e. after set_ticks() or using a FixedLocator.\n",
      "  ax.set_yticklabels(['0%', '0%', '20%', '40%', '60%', '80%'])\n",
      "c:\\Users\\yoswald\\Dropbox\\Arbeit\\postdoc_leeds\\real_time_ineq_abm\\rtabm\\model2_class.py:194: UserWarning: set_ticklabels() should only be used with a fixed number of ticks, i.e. after set_ticks() or using a FixedLocator.\n",
      "  ax.set_yticklabels(['0%', '0%', '20%', '40%', '60%', '80%'])\n",
      "Model error estimate without ENKF:   3%|▎         | 1/30 [00:05<02:31,  5.21s/it]c:\\Users\\yoswald\\Dropbox\\Arbeit\\postdoc_leeds\\real_time_ineq_abm\\rtabm\\model1_class.py:272: UserWarning: set_ticklabels() should only be used with a fixed number of ticks, i.e. after set_ticks() or using a FixedLocator.\n",
      "  ax.set_yticklabels(['0%', '0%', '20%', '40%', '60%', '80%'])\n",
      "c:\\Users\\yoswald\\Dropbox\\Arbeit\\postdoc_leeds\\real_time_ineq_abm\\rtabm\\model2_class.py:194: UserWarning: set_ticklabels() should only be used with a fixed number of ticks, i.e. after set_ticks() or using a FixedLocator.\n",
      "  ax.set_yticklabels(['0%', '0%', '20%', '40%', '60%', '80%'])\n",
      "Model error estimate without ENKF:   7%|▋         | 2/30 [00:06<01:29,  3.19s/it]c:\\Users\\yoswald\\Dropbox\\Arbeit\\postdoc_leeds\\real_time_ineq_abm\\rtabm\\model1_class.py:272: UserWarning: set_ticklabels() should only be used with a fixed number of ticks, i.e. after set_ticks() or using a FixedLocator.\n",
      "  ax.set_yticklabels(['0%', '0%', '20%', '40%', '60%', '80%'])\n",
      "c:\\Users\\yoswald\\Dropbox\\Arbeit\\postdoc_leeds\\real_time_ineq_abm\\rtabm\\model2_class.py:194: UserWarning: set_ticklabels() should only be used with a fixed number of ticks, i.e. after set_ticks() or using a FixedLocator.\n",
      "  ax.set_yticklabels(['0%', '0%', '20%', '40%', '60%', '80%'])\n",
      "Model error estimate without ENKF:  10%|█         | 3/30 [00:08<01:09,  2.59s/it]c:\\Users\\yoswald\\Dropbox\\Arbeit\\postdoc_leeds\\real_time_ineq_abm\\rtabm\\model1_class.py:272: UserWarning: set_ticklabels() should only be used with a fixed number of ticks, i.e. after set_ticks() or using a FixedLocator.\n",
      "  ax.set_yticklabels(['0%', '0%', '20%', '40%', '60%', '80%'])\n",
      "c:\\Users\\yoswald\\Dropbox\\Arbeit\\postdoc_leeds\\real_time_ineq_abm\\rtabm\\model2_class.py:194: UserWarning: set_ticklabels() should only be used with a fixed number of ticks, i.e. after set_ticks() or using a FixedLocator.\n",
      "  ax.set_yticklabels(['0%', '0%', '20%', '40%', '60%', '80%'])\n",
      "Model error estimate without ENKF:  13%|█▎        | 4/30 [00:10<00:59,  2.29s/it]c:\\Users\\yoswald\\Dropbox\\Arbeit\\postdoc_leeds\\real_time_ineq_abm\\rtabm\\model1_class.py:272: UserWarning: set_ticklabels() should only be used with a fixed number of ticks, i.e. after set_ticks() or using a FixedLocator.\n",
      "  ax.set_yticklabels(['0%', '0%', '20%', '40%', '60%', '80%'])\n",
      "c:\\Users\\yoswald\\Dropbox\\Arbeit\\postdoc_leeds\\real_time_ineq_abm\\rtabm\\model2_class.py:194: UserWarning: set_ticklabels() should only be used with a fixed number of ticks, i.e. after set_ticks() or using a FixedLocator.\n",
      "  ax.set_yticklabels(['0%', '0%', '20%', '40%', '60%', '80%'])\n",
      "Model error estimate without ENKF:  17%|█▋        | 5/30 [00:12<00:53,  2.12s/it]c:\\Users\\yoswald\\Dropbox\\Arbeit\\postdoc_leeds\\real_time_ineq_abm\\rtabm\\model1_class.py:272: UserWarning: set_ticklabels() should only be used with a fixed number of ticks, i.e. after set_ticks() or using a FixedLocator.\n",
      "  ax.set_yticklabels(['0%', '0%', '20%', '40%', '60%', '80%'])\n",
      "c:\\Users\\yoswald\\Dropbox\\Arbeit\\postdoc_leeds\\real_time_ineq_abm\\rtabm\\model2_class.py:194: UserWarning: set_ticklabels() should only be used with a fixed number of ticks, i.e. after set_ticks() or using a FixedLocator.\n",
      "  ax.set_yticklabels(['0%', '0%', '20%', '40%', '60%', '80%'])\n",
      "Model error estimate without ENKF:  20%|██        | 6/30 [00:20<01:37,  4.08s/it]c:\\Users\\yoswald\\Dropbox\\Arbeit\\postdoc_leeds\\real_time_ineq_abm\\rtabm\\model1_class.py:272: UserWarning: set_ticklabels() should only be used with a fixed number of ticks, i.e. after set_ticks() or using a FixedLocator.\n",
      "  ax.set_yticklabels(['0%', '0%', '20%', '40%', '60%', '80%'])\n",
      "c:\\Users\\yoswald\\Dropbox\\Arbeit\\postdoc_leeds\\real_time_ineq_abm\\rtabm\\model2_class.py:194: UserWarning: set_ticklabels() should only be used with a fixed number of ticks, i.e. after set_ticks() or using a FixedLocator.\n",
      "  ax.set_yticklabels(['0%', '0%', '20%', '40%', '60%', '80%'])\n",
      "Model error estimate without ENKF:  23%|██▎       | 7/30 [00:27<01:54,  4.97s/it]c:\\Users\\yoswald\\Dropbox\\Arbeit\\postdoc_leeds\\real_time_ineq_abm\\rtabm\\model1_class.py:272: UserWarning: set_ticklabels() should only be used with a fixed number of ticks, i.e. after set_ticks() or using a FixedLocator.\n",
      "  ax.set_yticklabels(['0%', '0%', '20%', '40%', '60%', '80%'])\n",
      "c:\\Users\\yoswald\\Dropbox\\Arbeit\\postdoc_leeds\\real_time_ineq_abm\\rtabm\\model2_class.py:194: UserWarning: set_ticklabels() should only be used with a fixed number of ticks, i.e. after set_ticks() or using a FixedLocator.\n",
      "  ax.set_yticklabels(['0%', '0%', '20%', '40%', '60%', '80%'])\n",
      "Model error estimate without ENKF:  27%|██▋       | 8/30 [00:34<02:02,  5.56s/it]c:\\Users\\yoswald\\Dropbox\\Arbeit\\postdoc_leeds\\real_time_ineq_abm\\rtabm\\model1_class.py:272: UserWarning: set_ticklabels() should only be used with a fixed number of ticks, i.e. after set_ticks() or using a FixedLocator.\n",
      "  ax.set_yticklabels(['0%', '0%', '20%', '40%', '60%', '80%'])\n",
      "c:\\Users\\yoswald\\Dropbox\\Arbeit\\postdoc_leeds\\real_time_ineq_abm\\rtabm\\model2_class.py:194: UserWarning: set_ticklabels() should only be used with a fixed number of ticks, i.e. after set_ticks() or using a FixedLocator.\n",
      "  ax.set_yticklabels(['0%', '0%', '20%', '40%', '60%', '80%'])\n",
      "Model error estimate without ENKF:  30%|███       | 9/30 [00:40<02:04,  5.93s/it]c:\\Users\\yoswald\\Dropbox\\Arbeit\\postdoc_leeds\\real_time_ineq_abm\\rtabm\\model1_class.py:272: UserWarning: set_ticklabels() should only be used with a fixed number of ticks, i.e. after set_ticks() or using a FixedLocator.\n",
      "  ax.set_yticklabels(['0%', '0%', '20%', '40%', '60%', '80%'])\n",
      "c:\\Users\\yoswald\\Dropbox\\Arbeit\\postdoc_leeds\\real_time_ineq_abm\\rtabm\\model2_class.py:194: UserWarning: set_ticklabels() should only be used with a fixed number of ticks, i.e. after set_ticks() or using a FixedLocator.\n",
      "  ax.set_yticklabels(['0%', '0%', '20%', '40%', '60%', '80%'])\n",
      "Model error estimate without ENKF:  33%|███▎      | 10/30 [00:47<02:03,  6.20s/it]c:\\Users\\yoswald\\Dropbox\\Arbeit\\postdoc_leeds\\real_time_ineq_abm\\rtabm\\model1_class.py:272: UserWarning: set_ticklabels() should only be used with a fixed number of ticks, i.e. after set_ticks() or using a FixedLocator.\n",
      "  ax.set_yticklabels(['0%', '0%', '20%', '40%', '60%', '80%'])\n",
      "c:\\Users\\yoswald\\Dropbox\\Arbeit\\postdoc_leeds\\real_time_ineq_abm\\rtabm\\model2_class.py:194: UserWarning: set_ticklabels() should only be used with a fixed number of ticks, i.e. after set_ticks() or using a FixedLocator.\n",
      "  ax.set_yticklabels(['0%', '0%', '20%', '40%', '60%', '80%'])\n",
      "Model error estimate without ENKF:  37%|███▋      | 11/30 [00:54<02:01,  6.39s/it]c:\\Users\\yoswald\\Dropbox\\Arbeit\\postdoc_leeds\\real_time_ineq_abm\\rtabm\\model1_class.py:272: UserWarning: set_ticklabels() should only be used with a fixed number of ticks, i.e. after set_ticks() or using a FixedLocator.\n",
      "  ax.set_yticklabels(['0%', '0%', '20%', '40%', '60%', '80%'])\n",
      "c:\\Users\\yoswald\\Dropbox\\Arbeit\\postdoc_leeds\\real_time_ineq_abm\\rtabm\\model2_class.py:194: UserWarning: set_ticklabels() should only be used with a fixed number of ticks, i.e. after set_ticks() or using a FixedLocator.\n",
      "  ax.set_yticklabels(['0%', '0%', '20%', '40%', '60%', '80%'])\n",
      "Model error estimate without ENKF:  40%|████      | 12/30 [01:01<01:57,  6.52s/it]c:\\Users\\yoswald\\Dropbox\\Arbeit\\postdoc_leeds\\real_time_ineq_abm\\rtabm\\model1_class.py:272: UserWarning: set_ticklabels() should only be used with a fixed number of ticks, i.e. after set_ticks() or using a FixedLocator.\n",
      "  ax.set_yticklabels(['0%', '0%', '20%', '40%', '60%', '80%'])\n",
      "c:\\Users\\yoswald\\Dropbox\\Arbeit\\postdoc_leeds\\real_time_ineq_abm\\rtabm\\model2_class.py:194: UserWarning: set_ticklabels() should only be used with a fixed number of ticks, i.e. after set_ticks() or using a FixedLocator.\n",
      "  ax.set_yticklabels(['0%', '0%', '20%', '40%', '60%', '80%'])\n",
      "Model error estimate without ENKF:  43%|████▎     | 13/30 [01:07<01:51,  6.58s/it]c:\\Users\\yoswald\\Dropbox\\Arbeit\\postdoc_leeds\\real_time_ineq_abm\\rtabm\\model1_class.py:272: UserWarning: set_ticklabels() should only be used with a fixed number of ticks, i.e. after set_ticks() or using a FixedLocator.\n",
      "  ax.set_yticklabels(['0%', '0%', '20%', '40%', '60%', '80%'])\n",
      "c:\\Users\\yoswald\\Dropbox\\Arbeit\\postdoc_leeds\\real_time_ineq_abm\\rtabm\\model2_class.py:194: UserWarning: set_ticklabels() should only be used with a fixed number of ticks, i.e. after set_ticks() or using a FixedLocator.\n",
      "  ax.set_yticklabels(['0%', '0%', '20%', '40%', '60%', '80%'])\n",
      "Model error estimate without ENKF:  47%|████▋     | 14/30 [01:16<01:52,  7.05s/it]c:\\Users\\yoswald\\Dropbox\\Arbeit\\postdoc_leeds\\real_time_ineq_abm\\rtabm\\model1_class.py:272: UserWarning: set_ticklabels() should only be used with a fixed number of ticks, i.e. after set_ticks() or using a FixedLocator.\n",
      "  ax.set_yticklabels(['0%', '0%', '20%', '40%', '60%', '80%'])\n",
      "c:\\Users\\yoswald\\Dropbox\\Arbeit\\postdoc_leeds\\real_time_ineq_abm\\rtabm\\model2_class.py:194: UserWarning: set_ticklabels() should only be used with a fixed number of ticks, i.e. after set_ticks() or using a FixedLocator.\n",
      "  ax.set_yticklabels(['0%', '0%', '20%', '40%', '60%', '80%'])\n",
      "Model error estimate without ENKF:  50%|█████     | 15/30 [01:22<01:44,  6.95s/it]c:\\Users\\yoswald\\Dropbox\\Arbeit\\postdoc_leeds\\real_time_ineq_abm\\rtabm\\model1_class.py:272: UserWarning: set_ticklabels() should only be used with a fixed number of ticks, i.e. after set_ticks() or using a FixedLocator.\n",
      "  ax.set_yticklabels(['0%', '0%', '20%', '40%', '60%', '80%'])\n",
      "c:\\Users\\yoswald\\Dropbox\\Arbeit\\postdoc_leeds\\real_time_ineq_abm\\rtabm\\model2_class.py:194: UserWarning: set_ticklabels() should only be used with a fixed number of ticks, i.e. after set_ticks() or using a FixedLocator.\n",
      "  ax.set_yticklabels(['0%', '0%', '20%', '40%', '60%', '80%'])\n",
      "Model error estimate without ENKF:  53%|█████▎    | 16/30 [01:29<01:36,  6.91s/it]c:\\Users\\yoswald\\Dropbox\\Arbeit\\postdoc_leeds\\real_time_ineq_abm\\rtabm\\model1_class.py:272: UserWarning: set_ticklabels() should only be used with a fixed number of ticks, i.e. after set_ticks() or using a FixedLocator.\n",
      "  ax.set_yticklabels(['0%', '0%', '20%', '40%', '60%', '80%'])\n",
      "c:\\Users\\yoswald\\Dropbox\\Arbeit\\postdoc_leeds\\real_time_ineq_abm\\rtabm\\model2_class.py:194: UserWarning: set_ticklabels() should only be used with a fixed number of ticks, i.e. after set_ticks() or using a FixedLocator.\n",
      "  ax.set_yticklabels(['0%', '0%', '20%', '40%', '60%', '80%'])\n",
      "Model error estimate without ENKF:  57%|█████▋    | 17/30 [01:36<01:29,  6.89s/it]c:\\Users\\yoswald\\Dropbox\\Arbeit\\postdoc_leeds\\real_time_ineq_abm\\rtabm\\model1_class.py:272: UserWarning: set_ticklabels() should only be used with a fixed number of ticks, i.e. after set_ticks() or using a FixedLocator.\n",
      "  ax.set_yticklabels(['0%', '0%', '20%', '40%', '60%', '80%'])\n",
      "c:\\Users\\yoswald\\Dropbox\\Arbeit\\postdoc_leeds\\real_time_ineq_abm\\rtabm\\model2_class.py:194: UserWarning: set_ticklabels() should only be used with a fixed number of ticks, i.e. after set_ticks() or using a FixedLocator.\n",
      "  ax.set_yticklabels(['0%', '0%', '20%', '40%', '60%', '80%'])\n",
      "Model error estimate without ENKF:  60%|██████    | 18/30 [01:43<01:22,  6.88s/it]c:\\Users\\yoswald\\Dropbox\\Arbeit\\postdoc_leeds\\real_time_ineq_abm\\rtabm\\model1_class.py:272: UserWarning: set_ticklabels() should only be used with a fixed number of ticks, i.e. after set_ticks() or using a FixedLocator.\n",
      "  ax.set_yticklabels(['0%', '0%', '20%', '40%', '60%', '80%'])\n",
      "c:\\Users\\yoswald\\Dropbox\\Arbeit\\postdoc_leeds\\real_time_ineq_abm\\rtabm\\model2_class.py:194: UserWarning: set_ticklabels() should only be used with a fixed number of ticks, i.e. after set_ticks() or using a FixedLocator.\n",
      "  ax.set_yticklabels(['0%', '0%', '20%', '40%', '60%', '80%'])\n",
      "Model error estimate without ENKF:  63%|██████▎   | 19/30 [01:50<01:15,  6.86s/it]c:\\Users\\yoswald\\Dropbox\\Arbeit\\postdoc_leeds\\real_time_ineq_abm\\rtabm\\model1_class.py:272: UserWarning: set_ticklabels() should only be used with a fixed number of ticks, i.e. after set_ticks() or using a FixedLocator.\n",
      "  ax.set_yticklabels(['0%', '0%', '20%', '40%', '60%', '80%'])\n",
      "c:\\Users\\yoswald\\Dropbox\\Arbeit\\postdoc_leeds\\real_time_ineq_abm\\rtabm\\model2_class.py:194: UserWarning: set_ticklabels() should only be used with a fixed number of ticks, i.e. after set_ticks() or using a FixedLocator.\n",
      "  ax.set_yticklabels(['0%', '0%', '20%', '40%', '60%', '80%'])\n",
      "Model error estimate without ENKF:  67%|██████▋   | 20/30 [01:56<01:08,  6.83s/it]c:\\Users\\yoswald\\Dropbox\\Arbeit\\postdoc_leeds\\real_time_ineq_abm\\rtabm\\benchmarking_error_simple.py:95: RuntimeWarning: More than 20 figures have been opened. Figures created through the pyplot interface (`matplotlib.pyplot.figure`) are retained until explicitly closed and may consume too much memory. (To control this warning, see the rcParam `figure.max_open_warning`). Consider using `matplotlib.pyplot.close()`.\n",
      "  fig, (ax1, ax2) = plt.subplots(1, 2,figsize=(10,4))\n",
      "c:\\Users\\yoswald\\Dropbox\\Arbeit\\postdoc_leeds\\real_time_ineq_abm\\rtabm\\model1_class.py:272: UserWarning: set_ticklabels() should only be used with a fixed number of ticks, i.e. after set_ticks() or using a FixedLocator.\n",
      "  ax.set_yticklabels(['0%', '0%', '20%', '40%', '60%', '80%'])\n",
      "c:\\Users\\yoswald\\Dropbox\\Arbeit\\postdoc_leeds\\real_time_ineq_abm\\rtabm\\model2_class.py:194: UserWarning: set_ticklabels() should only be used with a fixed number of ticks, i.e. after set_ticks() or using a FixedLocator.\n",
      "  ax.set_yticklabels(['0%', '0%', '20%', '40%', '60%', '80%'])\n",
      "Model error estimate without ENKF:  70%|███████   | 21/30 [02:03<01:01,  6.80s/it]c:\\Users\\yoswald\\Dropbox\\Arbeit\\postdoc_leeds\\real_time_ineq_abm\\rtabm\\model1_class.py:272: UserWarning: set_ticklabels() should only be used with a fixed number of ticks, i.e. after set_ticks() or using a FixedLocator.\n",
      "  ax.set_yticklabels(['0%', '0%', '20%', '40%', '60%', '80%'])\n",
      "c:\\Users\\yoswald\\Dropbox\\Arbeit\\postdoc_leeds\\real_time_ineq_abm\\rtabm\\model2_class.py:194: UserWarning: set_ticklabels() should only be used with a fixed number of ticks, i.e. after set_ticks() or using a FixedLocator.\n",
      "  ax.set_yticklabels(['0%', '0%', '20%', '40%', '60%', '80%'])\n",
      "Model error estimate without ENKF:  73%|███████▎  | 22/30 [02:11<00:57,  7.21s/it]c:\\Users\\yoswald\\Dropbox\\Arbeit\\postdoc_leeds\\real_time_ineq_abm\\rtabm\\model1_class.py:272: UserWarning: set_ticklabels() should only be used with a fixed number of ticks, i.e. after set_ticks() or using a FixedLocator.\n",
      "  ax.set_yticklabels(['0%', '0%', '20%', '40%', '60%', '80%'])\n",
      "c:\\Users\\yoswald\\Dropbox\\Arbeit\\postdoc_leeds\\real_time_ineq_abm\\rtabm\\model2_class.py:194: UserWarning: set_ticklabels() should only be used with a fixed number of ticks, i.e. after set_ticks() or using a FixedLocator.\n",
      "  ax.set_yticklabels(['0%', '0%', '20%', '40%', '60%', '80%'])\n",
      "Model error estimate without ENKF:  77%|███████▋  | 23/30 [02:18<00:49,  7.06s/it]c:\\Users\\yoswald\\Dropbox\\Arbeit\\postdoc_leeds\\real_time_ineq_abm\\rtabm\\model1_class.py:272: UserWarning: set_ticklabels() should only be used with a fixed number of ticks, i.e. after set_ticks() or using a FixedLocator.\n",
      "  ax.set_yticklabels(['0%', '0%', '20%', '40%', '60%', '80%'])\n",
      "c:\\Users\\yoswald\\Dropbox\\Arbeit\\postdoc_leeds\\real_time_ineq_abm\\rtabm\\model2_class.py:194: UserWarning: set_ticklabels() should only be used with a fixed number of ticks, i.e. after set_ticks() or using a FixedLocator.\n",
      "  ax.set_yticklabels(['0%', '0%', '20%', '40%', '60%', '80%'])\n",
      "Model error estimate without ENKF:  80%|████████  | 24/30 [02:25<00:41,  6.98s/it]c:\\Users\\yoswald\\Dropbox\\Arbeit\\postdoc_leeds\\real_time_ineq_abm\\rtabm\\model1_class.py:272: UserWarning: set_ticklabels() should only be used with a fixed number of ticks, i.e. after set_ticks() or using a FixedLocator.\n",
      "  ax.set_yticklabels(['0%', '0%', '20%', '40%', '60%', '80%'])\n",
      "c:\\Users\\yoswald\\Dropbox\\Arbeit\\postdoc_leeds\\real_time_ineq_abm\\rtabm\\model2_class.py:194: UserWarning: set_ticklabels() should only be used with a fixed number of ticks, i.e. after set_ticks() or using a FixedLocator.\n",
      "  ax.set_yticklabels(['0%', '0%', '20%', '40%', '60%', '80%'])\n",
      "Model error estimate without ENKF:  83%|████████▎ | 25/30 [02:31<00:34,  6.90s/it]c:\\Users\\yoswald\\Dropbox\\Arbeit\\postdoc_leeds\\real_time_ineq_abm\\rtabm\\model1_class.py:272: UserWarning: set_ticklabels() should only be used with a fixed number of ticks, i.e. after set_ticks() or using a FixedLocator.\n",
      "  ax.set_yticklabels(['0%', '0%', '20%', '40%', '60%', '80%'])\n",
      "c:\\Users\\yoswald\\Dropbox\\Arbeit\\postdoc_leeds\\real_time_ineq_abm\\rtabm\\model2_class.py:194: UserWarning: set_ticklabels() should only be used with a fixed number of ticks, i.e. after set_ticks() or using a FixedLocator.\n",
      "  ax.set_yticklabels(['0%', '0%', '20%', '40%', '60%', '80%'])\n",
      "Model error estimate without ENKF:  87%|████████▋ | 26/30 [02:38<00:27,  6.88s/it]c:\\Users\\yoswald\\Dropbox\\Arbeit\\postdoc_leeds\\real_time_ineq_abm\\rtabm\\model1_class.py:272: UserWarning: set_ticklabels() should only be used with a fixed number of ticks, i.e. after set_ticks() or using a FixedLocator.\n",
      "  ax.set_yticklabels(['0%', '0%', '20%', '40%', '60%', '80%'])\n",
      "c:\\Users\\yoswald\\Dropbox\\Arbeit\\postdoc_leeds\\real_time_ineq_abm\\rtabm\\model2_class.py:194: UserWarning: set_ticklabels() should only be used with a fixed number of ticks, i.e. after set_ticks() or using a FixedLocator.\n",
      "  ax.set_yticklabels(['0%', '0%', '20%', '40%', '60%', '80%'])\n",
      "Model error estimate without ENKF:  90%|█████████ | 27/30 [02:45<00:20,  6.88s/it]c:\\Users\\yoswald\\Dropbox\\Arbeit\\postdoc_leeds\\real_time_ineq_abm\\rtabm\\model1_class.py:272: UserWarning: set_ticklabels() should only be used with a fixed number of ticks, i.e. after set_ticks() or using a FixedLocator.\n",
      "  ax.set_yticklabels(['0%', '0%', '20%', '40%', '60%', '80%'])\n",
      "c:\\Users\\yoswald\\Dropbox\\Arbeit\\postdoc_leeds\\real_time_ineq_abm\\rtabm\\model2_class.py:194: UserWarning: set_ticklabels() should only be used with a fixed number of ticks, i.e. after set_ticks() or using a FixedLocator.\n",
      "  ax.set_yticklabels(['0%', '0%', '20%', '40%', '60%', '80%'])\n",
      "Model error estimate without ENKF:  93%|█████████▎| 28/30 [02:52<00:13,  6.84s/it]c:\\Users\\yoswald\\Dropbox\\Arbeit\\postdoc_leeds\\real_time_ineq_abm\\rtabm\\model1_class.py:272: UserWarning: set_ticklabels() should only be used with a fixed number of ticks, i.e. after set_ticks() or using a FixedLocator.\n",
      "  ax.set_yticklabels(['0%', '0%', '20%', '40%', '60%', '80%'])\n",
      "c:\\Users\\yoswald\\Dropbox\\Arbeit\\postdoc_leeds\\real_time_ineq_abm\\rtabm\\model2_class.py:194: UserWarning: set_ticklabels() should only be used with a fixed number of ticks, i.e. after set_ticks() or using a FixedLocator.\n",
      "  ax.set_yticklabels(['0%', '0%', '20%', '40%', '60%', '80%'])\n",
      "Model error estimate without ENKF:  97%|█████████▋| 29/30 [02:59<00:06,  6.85s/it]c:\\Users\\yoswald\\Dropbox\\Arbeit\\postdoc_leeds\\real_time_ineq_abm\\rtabm\\model1_class.py:272: UserWarning: set_ticklabels() should only be used with a fixed number of ticks, i.e. after set_ticks() or using a FixedLocator.\n",
      "  ax.set_yticklabels(['0%', '0%', '20%', '40%', '60%', '80%'])\n",
      "c:\\Users\\yoswald\\Dropbox\\Arbeit\\postdoc_leeds\\real_time_ineq_abm\\rtabm\\model2_class.py:194: UserWarning: set_ticklabels() should only be used with a fixed number of ticks, i.e. after set_ticks() or using a FixedLocator.\n",
      "  ax.set_yticklabels(['0%', '0%', '20%', '40%', '60%', '80%'])\n",
      "Model error estimate without ENKF: 100%|██████████| 30/30 [03:07<00:00,  6.25s/it]\n",
      "c:\\Users\\yoswald\\Dropbox\\Arbeit\\postdoc_leeds\\real_time_ineq_abm\\rtabm\\model1_class.py:272: UserWarning: set_ticklabels() should only be used with a fixed number of ticks, i.e. after set_ticks() or using a FixedLocator.\n",
      "  ax.set_yticklabels(['0%', '0%', '20%', '40%', '60%', '80%'])\n"
     ]
    },
    {
     "name": "stdout",
     "output_type": "stream",
     "text": [
      "(396, 4)\n",
      "(396, 4)\n",
      "this is data vector [[0.28628868 0.36080472 0.33442173 0.01848487]\n",
      " [0.28581432 0.36113329 0.3347986  0.01825377]\n",
      " [0.28561731 0.36136464 0.33496598 0.01805208]\n",
      " ...\n",
      " [0.34502427 0.34944692 0.29658986 0.00893895]\n",
      " [0.34880103 0.34820548 0.29410659 0.0088869 ]\n",
      " [0.34413446 0.35030326 0.29692774 0.00863453]]\n",
      "(396, 4)\n",
      "(396, 4)\n",
      "this is data vector [[0.28628868 0.36080472 0.33442173 0.01848487]\n",
      " [0.28581432 0.36113329 0.3347986  0.01825377]\n",
      " [0.28561731 0.36136464 0.33496598 0.01805208]\n",
      " ...\n",
      " [0.34502427 0.34944692 0.29658986 0.00893895]\n",
      " [0.34880103 0.34820548 0.29410659 0.0088869 ]\n",
      " [0.34413446 0.35030326 0.29692774 0.00863453]]\n",
      "(396, 4)\n",
      "(396, 4)\n",
      "this is data vector [[0.28628868 0.36080472 0.33442173 0.01848487]\n",
      " [0.28581432 0.36113329 0.3347986  0.01825377]\n",
      " [0.28561731 0.36136464 0.33496598 0.01805208]\n",
      " ...\n",
      " [0.34502427 0.34944692 0.29658986 0.00893895]\n",
      " [0.34880103 0.34820548 0.29410659 0.0088869 ]\n",
      " [0.34413446 0.35030326 0.29692774 0.00863453]]\n",
      "(396, 4)\n",
      "(396, 4)\n",
      "this is data vector [[0.28628868 0.36080472 0.33442173 0.01848487]\n",
      " [0.28581432 0.36113329 0.3347986  0.01825377]\n",
      " [0.28561731 0.36136464 0.33496598 0.01805208]\n",
      " ...\n",
      " [0.34502427 0.34944692 0.29658986 0.00893895]\n",
      " [0.34880103 0.34820548 0.29410659 0.0088869 ]\n",
      " [0.34413446 0.35030326 0.29692774 0.00863453]]\n",
      "(396, 4)\n",
      "(396, 4)\n",
      "this is data vector [[0.28628868 0.36080472 0.33442173 0.01848487]\n",
      " [0.28581432 0.36113329 0.3347986  0.01825377]\n",
      " [0.28561731 0.36136464 0.33496598 0.01805208]\n",
      " ...\n",
      " [0.34502427 0.34944692 0.29658986 0.00893895]\n",
      " [0.34880103 0.34820548 0.29410659 0.0088869 ]\n",
      " [0.34413446 0.35030326 0.29692774 0.00863453]]\n",
      "(396, 4)\n",
      "(396, 4)\n",
      "this is data vector [[0.28628868 0.36080472 0.33442173 0.01848487]\n",
      " [0.28581432 0.36113329 0.3347986  0.01825377]\n",
      " [0.28561731 0.36136464 0.33496598 0.01805208]\n",
      " ...\n",
      " [0.34502427 0.34944692 0.29658986 0.00893895]\n",
      " [0.34880103 0.34820548 0.29410659 0.0088869 ]\n",
      " [0.34413446 0.35030326 0.29692774 0.00863453]]\n",
      "(396, 4)\n",
      "(396, 4)\n",
      "this is data vector [[0.28628868 0.36080472 0.33442173 0.01848487]\n",
      " [0.28581432 0.36113329 0.3347986  0.01825377]\n",
      " [0.28561731 0.36136464 0.33496598 0.01805208]\n",
      " ...\n",
      " [0.34502427 0.34944692 0.29658986 0.00893895]\n",
      " [0.34880103 0.34820548 0.29410659 0.0088869 ]\n",
      " [0.34413446 0.35030326 0.29692774 0.00863453]]\n",
      "(396, 4)\n",
      "(396, 4)\n",
      "this is data vector [[0.28628868 0.36080472 0.33442173 0.01848487]\n",
      " [0.28581432 0.36113329 0.3347986  0.01825377]\n",
      " [0.28561731 0.36136464 0.33496598 0.01805208]\n",
      " ...\n",
      " [0.34502427 0.34944692 0.29658986 0.00893895]\n",
      " [0.34880103 0.34820548 0.29410659 0.0088869 ]\n",
      " [0.34413446 0.35030326 0.29692774 0.00863453]]\n",
      "(396, 4)\n",
      "(396, 4)\n",
      "this is data vector [[0.28628868 0.36080472 0.33442173 0.01848487]\n",
      " [0.28581432 0.36113329 0.3347986  0.01825377]\n",
      " [0.28561731 0.36136464 0.33496598 0.01805208]\n",
      " ...\n",
      " [0.34502427 0.34944692 0.29658986 0.00893895]\n",
      " [0.34880103 0.34820548 0.29410659 0.0088869 ]\n",
      " [0.34413446 0.35030326 0.29692774 0.00863453]]\n",
      "(396, 4)\n",
      "(396, 4)\n",
      "this is data vector [[0.28628868 0.36080472 0.33442173 0.01848487]\n",
      " [0.28581432 0.36113329 0.3347986  0.01825377]\n",
      " [0.28561731 0.36136464 0.33496598 0.01805208]\n",
      " ...\n",
      " [0.34502427 0.34944692 0.29658986 0.00893895]\n",
      " [0.34880103 0.34820548 0.29410659 0.0088869 ]\n",
      " [0.34413446 0.35030326 0.29692774 0.00863453]]\n",
      "(396, 4)\n",
      "(396, 4)\n",
      "this is data vector [[0.28628868 0.36080472 0.33442173 0.01848487]\n",
      " [0.28581432 0.36113329 0.3347986  0.01825377]\n",
      " [0.28561731 0.36136464 0.33496598 0.01805208]\n",
      " ...\n",
      " [0.34502427 0.34944692 0.29658986 0.00893895]\n",
      " [0.34880103 0.34820548 0.29410659 0.0088869 ]\n",
      " [0.34413446 0.35030326 0.29692774 0.00863453]]\n",
      "(396, 4)\n",
      "(396, 4)\n",
      "this is data vector [[0.28628868 0.36080472 0.33442173 0.01848487]\n",
      " [0.28581432 0.36113329 0.3347986  0.01825377]\n",
      " [0.28561731 0.36136464 0.33496598 0.01805208]\n",
      " ...\n",
      " [0.34502427 0.34944692 0.29658986 0.00893895]\n",
      " [0.34880103 0.34820548 0.29410659 0.0088869 ]\n",
      " [0.34413446 0.35030326 0.29692774 0.00863453]]\n",
      "(396, 4)\n",
      "(396, 4)\n",
      "this is data vector [[0.28628868 0.36080472 0.33442173 0.01848487]\n",
      " [0.28581432 0.36113329 0.3347986  0.01825377]\n",
      " [0.28561731 0.36136464 0.33496598 0.01805208]\n",
      " ...\n",
      " [0.34502427 0.34944692 0.29658986 0.00893895]\n",
      " [0.34880103 0.34820548 0.29410659 0.0088869 ]\n",
      " [0.34413446 0.35030326 0.29692774 0.00863453]]\n",
      "(396, 4)\n",
      "(396, 4)\n",
      "this is data vector [[0.28628868 0.36080472 0.33442173 0.01848487]\n",
      " [0.28581432 0.36113329 0.3347986  0.01825377]\n",
      " [0.28561731 0.36136464 0.33496598 0.01805208]\n",
      " ...\n",
      " [0.34502427 0.34944692 0.29658986 0.00893895]\n",
      " [0.34880103 0.34820548 0.29410659 0.0088869 ]\n",
      " [0.34413446 0.35030326 0.29692774 0.00863453]]\n",
      "(396, 4)\n",
      "(396, 4)\n",
      "this is data vector [[0.28628868 0.36080472 0.33442173 0.01848487]\n",
      " [0.28581432 0.36113329 0.3347986  0.01825377]\n",
      " [0.28561731 0.36136464 0.33496598 0.01805208]\n",
      " ...\n",
      " [0.34502427 0.34944692 0.29658986 0.00893895]\n",
      " [0.34880103 0.34820548 0.29410659 0.0088869 ]\n",
      " [0.34413446 0.35030326 0.29692774 0.00863453]]\n",
      "(396, 4)\n",
      "(396, 4)\n",
      "this is data vector [[0.28628868 0.36080472 0.33442173 0.01848487]\n",
      " [0.28581432 0.36113329 0.3347986  0.01825377]\n",
      " [0.28561731 0.36136464 0.33496598 0.01805208]\n",
      " ...\n",
      " [0.34502427 0.34944692 0.29658986 0.00893895]\n",
      " [0.34880103 0.34820548 0.29410659 0.0088869 ]\n",
      " [0.34413446 0.35030326 0.29692774 0.00863453]]\n",
      "(396, 4)\n",
      "(396, 4)\n",
      "this is data vector [[0.28628868 0.36080472 0.33442173 0.01848487]\n",
      " [0.28581432 0.36113329 0.3347986  0.01825377]\n",
      " [0.28561731 0.36136464 0.33496598 0.01805208]\n",
      " ...\n",
      " [0.34502427 0.34944692 0.29658986 0.00893895]\n",
      " [0.34880103 0.34820548 0.29410659 0.0088869 ]\n",
      " [0.34413446 0.35030326 0.29692774 0.00863453]]\n",
      "(396, 4)\n",
      "(396, 4)\n",
      "this is data vector [[0.28628868 0.36080472 0.33442173 0.01848487]\n",
      " [0.28581432 0.36113329 0.3347986  0.01825377]\n",
      " [0.28561731 0.36136464 0.33496598 0.01805208]\n",
      " ...\n",
      " [0.34502427 0.34944692 0.29658986 0.00893895]\n",
      " [0.34880103 0.34820548 0.29410659 0.0088869 ]\n",
      " [0.34413446 0.35030326 0.29692774 0.00863453]]\n",
      "(396, 4)\n",
      "(396, 4)\n",
      "this is data vector [[0.28628868 0.36080472 0.33442173 0.01848487]\n",
      " [0.28581432 0.36113329 0.3347986  0.01825377]\n",
      " [0.28561731 0.36136464 0.33496598 0.01805208]\n",
      " ...\n",
      " [0.34502427 0.34944692 0.29658986 0.00893895]\n",
      " [0.34880103 0.34820548 0.29410659 0.0088869 ]\n",
      " [0.34413446 0.35030326 0.29692774 0.00863453]]\n",
      "(396, 4)\n",
      "(396, 4)\n",
      "this is data vector [[0.28628868 0.36080472 0.33442173 0.01848487]\n",
      " [0.28581432 0.36113329 0.3347986  0.01825377]\n",
      " [0.28561731 0.36136464 0.33496598 0.01805208]\n",
      " ...\n",
      " [0.34502427 0.34944692 0.29658986 0.00893895]\n",
      " [0.34880103 0.34820548 0.29410659 0.0088869 ]\n",
      " [0.34413446 0.35030326 0.29692774 0.00863453]]\n",
      "(396, 4)\n",
      "(396, 4)\n",
      "this is data vector [[0.28628868 0.36080472 0.33442173 0.01848487]\n",
      " [0.28581432 0.36113329 0.3347986  0.01825377]\n",
      " [0.28561731 0.36136464 0.33496598 0.01805208]\n",
      " ...\n",
      " [0.34502427 0.34944692 0.29658986 0.00893895]\n",
      " [0.34880103 0.34820548 0.29410659 0.0088869 ]\n",
      " [0.34413446 0.35030326 0.29692774 0.00863453]]\n",
      "(396, 4)\n",
      "(396, 4)\n",
      "this is data vector [[0.28628868 0.36080472 0.33442173 0.01848487]\n",
      " [0.28581432 0.36113329 0.3347986  0.01825377]\n",
      " [0.28561731 0.36136464 0.33496598 0.01805208]\n",
      " ...\n",
      " [0.34502427 0.34944692 0.29658986 0.00893895]\n",
      " [0.34880103 0.34820548 0.29410659 0.0088869 ]\n",
      " [0.34413446 0.35030326 0.29692774 0.00863453]]\n",
      "(396, 4)\n",
      "(396, 4)\n",
      "this is data vector [[0.28628868 0.36080472 0.33442173 0.01848487]\n",
      " [0.28581432 0.36113329 0.3347986  0.01825377]\n",
      " [0.28561731 0.36136464 0.33496598 0.01805208]\n",
      " ...\n",
      " [0.34502427 0.34944692 0.29658986 0.00893895]\n",
      " [0.34880103 0.34820548 0.29410659 0.0088869 ]\n",
      " [0.34413446 0.35030326 0.29692774 0.00863453]]\n",
      "(396, 4)\n",
      "(396, 4)\n",
      "this is data vector [[0.28628868 0.36080472 0.33442173 0.01848487]\n",
      " [0.28581432 0.36113329 0.3347986  0.01825377]\n",
      " [0.28561731 0.36136464 0.33496598 0.01805208]\n",
      " ...\n",
      " [0.34502427 0.34944692 0.29658986 0.00893895]\n",
      " [0.34880103 0.34820548 0.29410659 0.0088869 ]\n",
      " [0.34413446 0.35030326 0.29692774 0.00863453]]\n",
      "(396, 4)\n",
      "(396, 4)\n",
      "this is data vector [[0.28628868 0.36080472 0.33442173 0.01848487]\n",
      " [0.28581432 0.36113329 0.3347986  0.01825377]\n",
      " [0.28561731 0.36136464 0.33496598 0.01805208]\n",
      " ...\n",
      " [0.34502427 0.34944692 0.29658986 0.00893895]\n",
      " [0.34880103 0.34820548 0.29410659 0.0088869 ]\n",
      " [0.34413446 0.35030326 0.29692774 0.00863453]]\n",
      "(396, 4)\n",
      "(396, 4)\n",
      "this is data vector [[0.28628868 0.36080472 0.33442173 0.01848487]\n",
      " [0.28581432 0.36113329 0.3347986  0.01825377]\n",
      " [0.28561731 0.36136464 0.33496598 0.01805208]\n",
      " ...\n",
      " [0.34502427 0.34944692 0.29658986 0.00893895]\n",
      " [0.34880103 0.34820548 0.29410659 0.0088869 ]\n",
      " [0.34413446 0.35030326 0.29692774 0.00863453]]\n",
      "(396, 4)\n",
      "(396, 4)\n",
      "this is data vector [[0.28628868 0.36080472 0.33442173 0.01848487]\n",
      " [0.28581432 0.36113329 0.3347986  0.01825377]\n",
      " [0.28561731 0.36136464 0.33496598 0.01805208]\n",
      " ...\n",
      " [0.34502427 0.34944692 0.29658986 0.00893895]\n",
      " [0.34880103 0.34820548 0.29410659 0.0088869 ]\n",
      " [0.34413446 0.35030326 0.29692774 0.00863453]]\n",
      "(396, 4)\n",
      "(396, 4)\n",
      "this is data vector [[0.28628868 0.36080472 0.33442173 0.01848487]\n",
      " [0.28581432 0.36113329 0.3347986  0.01825377]\n",
      " [0.28561731 0.36136464 0.33496598 0.01805208]\n",
      " ...\n",
      " [0.34502427 0.34944692 0.29658986 0.00893895]\n",
      " [0.34880103 0.34820548 0.29410659 0.0088869 ]\n",
      " [0.34413446 0.35030326 0.29692774 0.00863453]]\n",
      "(396, 4)\n",
      "(396, 4)\n",
      "this is data vector [[0.28628868 0.36080472 0.33442173 0.01848487]\n",
      " [0.28581432 0.36113329 0.3347986  0.01825377]\n",
      " [0.28561731 0.36136464 0.33496598 0.01805208]\n",
      " ...\n",
      " [0.34502427 0.34944692 0.29658986 0.00893895]\n",
      " [0.34880103 0.34820548 0.29410659 0.0088869 ]\n",
      " [0.34413446 0.35030326 0.29692774 0.00863453]]\n",
      "(396, 4)\n",
      "(396, 4)\n",
      "this is data vector [[0.28628868 0.36080472 0.33442173 0.01848487]\n",
      " [0.28581432 0.36113329 0.3347986  0.01825377]\n",
      " [0.28561731 0.36136464 0.33496598 0.01805208]\n",
      " ...\n",
      " [0.34502427 0.34944692 0.29658986 0.00893895]\n",
      " [0.34880103 0.34820548 0.29410659 0.0088869 ]\n",
      " [0.34413446 0.35030326 0.29692774 0.00863453]]\n",
      "(396, 4)\n",
      "(396, 4)\n",
      "this is data vector [[0.28628868 0.36080472 0.33442173 0.01848487]\n",
      " [0.28581432 0.36113329 0.3347986  0.01825377]\n",
      " [0.28561731 0.36136464 0.33496598 0.01805208]\n",
      " ...\n",
      " [0.34502427 0.34944692 0.29658986 0.00893895]\n",
      " [0.34880103 0.34820548 0.29410659 0.0088869 ]\n",
      " [0.34413446 0.35030326 0.29692774 0.00863453]]\n",
      "(396, 4)\n",
      "(396, 4)\n",
      "this is data vector [[0.28628868 0.36080472 0.33442173 0.01848487]\n",
      " [0.28581432 0.36113329 0.3347986  0.01825377]\n",
      " [0.28561731 0.36136464 0.33496598 0.01805208]\n",
      " ...\n",
      " [0.34502427 0.34944692 0.29658986 0.00893895]\n",
      " [0.34880103 0.34820548 0.29410659 0.0088869 ]\n",
      " [0.34413446 0.35030326 0.29692774 0.00863453]]\n",
      "(396, 4)\n",
      "(396, 4)\n",
      "this is data vector [[0.28628868 0.36080472 0.33442173 0.01848487]\n",
      " [0.28581432 0.36113329 0.3347986  0.01825377]\n",
      " [0.28561731 0.36136464 0.33496598 0.01805208]\n",
      " ...\n",
      " [0.34502427 0.34944692 0.29658986 0.00893895]\n",
      " [0.34880103 0.34820548 0.29410659 0.0088869 ]\n",
      " [0.34413446 0.35030326 0.29692774 0.00863453]]\n",
      "(396, 4)\n",
      "(396, 4)\n",
      "this is data vector [[0.28628868 0.36080472 0.33442173 0.01848487]\n",
      " [0.28581432 0.36113329 0.3347986  0.01825377]\n",
      " [0.28561731 0.36136464 0.33496598 0.01805208]\n",
      " ...\n",
      " [0.34502427 0.34944692 0.29658986 0.00893895]\n",
      " [0.34880103 0.34820548 0.29410659 0.0088869 ]\n",
      " [0.34413446 0.35030326 0.29692774 0.00863453]]\n",
      "(396, 4)\n",
      "(396, 4)\n",
      "this is data vector [[0.28628868 0.36080472 0.33442173 0.01848487]\n",
      " [0.28581432 0.36113329 0.3347986  0.01825377]\n",
      " [0.28561731 0.36136464 0.33496598 0.01805208]\n",
      " ...\n",
      " [0.34502427 0.34944692 0.29658986 0.00893895]\n",
      " [0.34880103 0.34820548 0.29410659 0.0088869 ]\n",
      " [0.34413446 0.35030326 0.29692774 0.00863453]]\n",
      "(396, 4)\n",
      "(396, 4)\n",
      "this is data vector [[0.28628868 0.36080472 0.33442173 0.01848487]\n",
      " [0.28581432 0.36113329 0.3347986  0.01825377]\n",
      " [0.28561731 0.36136464 0.33496598 0.01805208]\n",
      " ...\n",
      " [0.34502427 0.34944692 0.29658986 0.00893895]\n",
      " [0.34880103 0.34820548 0.29410659 0.0088869 ]\n",
      " [0.34413446 0.35030326 0.29692774 0.00863453]]\n",
      "(396, 4)\n",
      "(396, 4)\n",
      "this is data vector [[0.28628868 0.36080472 0.33442173 0.01848487]\n",
      " [0.28581432 0.36113329 0.3347986  0.01825377]\n",
      " [0.28561731 0.36136464 0.33496598 0.01805208]\n",
      " ...\n",
      " [0.34502427 0.34944692 0.29658986 0.00893895]\n",
      " [0.34880103 0.34820548 0.29410659 0.0088869 ]\n",
      " [0.34413446 0.35030326 0.29692774 0.00863453]]\n",
      "(396, 4)\n",
      "(396, 4)\n",
      "this is data vector [[0.28628868 0.36080472 0.33442173 0.01848487]\n",
      " [0.28581432 0.36113329 0.3347986  0.01825377]\n",
      " [0.28561731 0.36136464 0.33496598 0.01805208]\n",
      " ...\n",
      " [0.34502427 0.34944692 0.29658986 0.00893895]\n",
      " [0.34880103 0.34820548 0.29410659 0.0088869 ]\n",
      " [0.34413446 0.35030326 0.29692774 0.00863453]]\n",
      "(396, 4)\n",
      "(396, 4)\n",
      "this is data vector [[0.28628868 0.36080472 0.33442173 0.01848487]\n",
      " [0.28581432 0.36113329 0.3347986  0.01825377]\n",
      " [0.28561731 0.36136464 0.33496598 0.01805208]\n",
      " ...\n",
      " [0.34502427 0.34944692 0.29658986 0.00893895]\n",
      " [0.34880103 0.34820548 0.29410659 0.0088869 ]\n",
      " [0.34413446 0.35030326 0.29692774 0.00863453]]\n",
      "(396, 4)\n",
      "(396, 4)\n",
      "this is data vector [[0.28628868 0.36080472 0.33442173 0.01848487]\n",
      " [0.28581432 0.36113329 0.3347986  0.01825377]\n",
      " [0.28561731 0.36136464 0.33496598 0.01805208]\n",
      " ...\n",
      " [0.34502427 0.34944692 0.29658986 0.00893895]\n",
      " [0.34880103 0.34820548 0.29410659 0.0088869 ]\n",
      " [0.34413446 0.35030326 0.29692774 0.00863453]]\n",
      "(396, 4)\n",
      "(396, 4)\n",
      "this is data vector [[0.28628868 0.36080472 0.33442173 0.01848487]\n",
      " [0.28581432 0.36113329 0.3347986  0.01825377]\n",
      " [0.28561731 0.36136464 0.33496598 0.01805208]\n",
      " ...\n",
