{
 "cells": [
  {
   "cell_type": "code",
   "execution_count": 1,
   "metadata": {},
   "outputs": [
    {
     "name": "stdout",
     "output_type": "stream",
     "text": [
      "period length is  396\n"
     ]
    },
    {
     "name": "stderr",
     "output_type": "stream",
     "text": [
      "Iterations ENKF <class 'model1_class.Model1'>: 100%|██████████| 396/396 [00:38<00:00, 10.28it/s]\n",
      "Iterations ENKF <class 'model2_class.Model2'>: 100%|██████████| 396/396 [01:28<00:00,  4.49it/s]\n",
      "Model error estimate without ENKF:   0%|          | 0/30 [00:00<?, ?it/s]c:\\Users\\yoswald\\Dropbox\\Arbeit\\postdoc_leeds\\real_time_ineq_abm\\rtabm\\model1_class.py:272: UserWarning: set_ticklabels() should only be used with a fixed number of ticks, i.e. after set_ticks() or using a FixedLocator.\n",
      "  ax.set_yticklabels(['0%', '0%', '20%', '40%', '60%', '80%'])\n",
      "c:\\Users\\yoswald\\Dropbox\\Arbeit\\postdoc_leeds\\real_time_ineq_abm\\rtabm\\model2_class.py:194: UserWarning: set_ticklabels() should only be used with a fixed number of ticks, i.e. after set_ticks() or using a FixedLocator.\n",
      "  ax.set_yticklabels(['0%', '0%', '20%', '40%', '60%', '80%'])\n",
      "Model error estimate without ENKF:   3%|▎         | 1/30 [00:06<03:20,  6.92s/it]c:\\Users\\yoswald\\Dropbox\\Arbeit\\postdoc_leeds\\real_time_ineq_abm\\rtabm\\model1_class.py:272: UserWarning: set_ticklabels() should only be used with a fixed number of ticks, i.e. after set_ticks() or using a FixedLocator.\n",
      "  ax.set_yticklabels(['0%', '0%', '20%', '40%', '60%', '80%'])\n",
      "c:\\Users\\yoswald\\Dropbox\\Arbeit\\postdoc_leeds\\real_time_ineq_abm\\rtabm\\model2_class.py:194: UserWarning: set_ticklabels() should only be used with a fixed number of ticks, i.e. after set_ticks() or using a FixedLocator.\n",
      "  ax.set_yticklabels(['0%', '0%', '20%', '40%', '60%', '80%'])\n",
      "Model error estimate without ENKF:   7%|▋         | 2/30 [00:13<03:12,  6.87s/it]c:\\Users\\yoswald\\Dropbox\\Arbeit\\postdoc_leeds\\real_time_ineq_abm\\rtabm\\model1_class.py:272: UserWarning: set_ticklabels() should only be used with a fixed number of ticks, i.e. after set_ticks() or using a FixedLocator.\n",
      "  ax.set_yticklabels(['0%', '0%', '20%', '40%', '60%', '80%'])\n",
      "c:\\Users\\yoswald\\Dropbox\\Arbeit\\postdoc_leeds\\real_time_ineq_abm\\rtabm\\model2_class.py:194: UserWarning: set_ticklabels() should only be used with a fixed number of ticks, i.e. after set_ticks() or using a FixedLocator.\n",
      "  ax.set_yticklabels(['0%', '0%', '20%', '40%', '60%', '80%'])\n",
      "Model error estimate without ENKF:  10%|█         | 3/30 [00:20<03:00,  6.69s/it]c:\\Users\\yoswald\\Dropbox\\Arbeit\\postdoc_leeds\\real_time_ineq_abm\\rtabm\\model1_class.py:272: UserWarning: set_ticklabels() should only be used with a fixed number of ticks, i.e. after set_ticks() or using a FixedLocator.\n",
      "  ax.set_yticklabels(['0%', '0%', '20%', '40%', '60%', '80%'])\n",
      "c:\\Users\\yoswald\\Dropbox\\Arbeit\\postdoc_leeds\\real_time_ineq_abm\\rtabm\\model2_class.py:194: UserWarning: set_ticklabels() should only be used with a fixed number of ticks, i.e. after set_ticks() or using a FixedLocator.\n",
      "  ax.set_yticklabels(['0%', '0%', '20%', '40%', '60%', '80%'])\n",
      "Model error estimate without ENKF:  13%|█▎        | 4/30 [00:27<02:55,  6.76s/it]c:\\Users\\yoswald\\Dropbox\\Arbeit\\postdoc_leeds\\real_time_ineq_abm\\rtabm\\model1_class.py:272: UserWarning: set_ticklabels() should only be used with a fixed number of ticks, i.e. after set_ticks() or using a FixedLocator.\n",
      "  ax.set_yticklabels(['0%', '0%', '20%', '40%', '60%', '80%'])\n",
      "c:\\Users\\yoswald\\Dropbox\\Arbeit\\postdoc_leeds\\real_time_ineq_abm\\rtabm\\model2_class.py:194: UserWarning: set_ticklabels() should only be used with a fixed number of ticks, i.e. after set_ticks() or using a FixedLocator.\n",
      "  ax.set_yticklabels(['0%', '0%', '20%', '40%', '60%', '80%'])\n",
      "Model error estimate without ENKF:  17%|█▋        | 5/30 [00:33<02:49,  6.77s/it]c:\\Users\\yoswald\\Dropbox\\Arbeit\\postdoc_leeds\\real_time_ineq_abm\\rtabm\\model1_class.py:272: UserWarning: set_ticklabels() should only be used with a fixed number of ticks, i.e. after set_ticks() or using a FixedLocator.\n",
      "  ax.set_yticklabels(['0%', '0%', '20%', '40%', '60%', '80%'])\n",
      "c:\\Users\\yoswald\\Dropbox\\Arbeit\\postdoc_leeds\\real_time_ineq_abm\\rtabm\\model2_class.py:194: UserWarning: set_ticklabels() should only be used with a fixed number of ticks, i.e. after set_ticks() or using a FixedLocator.\n",
      "  ax.set_yticklabels(['0%', '0%', '20%', '40%', '60%', '80%'])\n",
      "Model error estimate without ENKF:  20%|██        | 6/30 [00:41<02:53,  7.21s/it]c:\\Users\\yoswald\\Dropbox\\Arbeit\\postdoc_leeds\\real_time_ineq_abm\\rtabm\\model1_class.py:272: UserWarning: set_ticklabels() should only be used with a fixed number of ticks, i.e. after set_ticks() or using a FixedLocator.\n",
      "  ax.set_yticklabels(['0%', '0%', '20%', '40%', '60%', '80%'])\n",
      "c:\\Users\\yoswald\\Dropbox\\Arbeit\\postdoc_leeds\\real_time_ineq_abm\\rtabm\\model2_class.py:194: UserWarning: set_ticklabels() should only be used with a fixed number of ticks, i.e. after set_ticks() or using a FixedLocator.\n",
      "  ax.set_yticklabels(['0%', '0%', '20%', '40%', '60%', '80%'])\n",
      "Model error estimate without ENKF:  23%|██▎       | 7/30 [00:48<02:41,  7.03s/it]c:\\Users\\yoswald\\Dropbox\\Arbeit\\postdoc_leeds\\real_time_ineq_abm\\rtabm\\model1_class.py:272: UserWarning: set_ticklabels() should only be used with a fixed number of ticks, i.e. after set_ticks() or using a FixedLocator.\n",
      "  ax.set_yticklabels(['0%', '0%', '20%', '40%', '60%', '80%'])\n",
      "c:\\Users\\yoswald\\Dropbox\\Arbeit\\postdoc_leeds\\real_time_ineq_abm\\rtabm\\model2_class.py:194: UserWarning: set_ticklabels() should only be used with a fixed number of ticks, i.e. after set_ticks() or using a FixedLocator.\n",
      "  ax.set_yticklabels(['0%', '0%', '20%', '40%', '60%', '80%'])\n",
      "Model error estimate without ENKF:  27%|██▋       | 8/30 [00:55<02:32,  6.91s/it]c:\\Users\\yoswald\\Dropbox\\Arbeit\\postdoc_leeds\\real_time_ineq_abm\\rtabm\\model1_class.py:272: UserWarning: set_ticklabels() should only be used with a fixed number of ticks, i.e. after set_ticks() or using a FixedLocator.\n",
      "  ax.set_yticklabels(['0%', '0%', '20%', '40%', '60%', '80%'])\n",
      "c:\\Users\\yoswald\\Dropbox\\Arbeit\\postdoc_leeds\\real_time_ineq_abm\\rtabm\\model2_class.py:194: UserWarning: set_ticklabels() should only be used with a fixed number of ticks, i.e. after set_ticks() or using a FixedLocator.\n",
      "  ax.set_yticklabels(['0%', '0%', '20%', '40%', '60%', '80%'])\n",
      "Model error estimate without ENKF:  30%|███       | 9/30 [01:02<02:25,  6.91s/it]c:\\Users\\yoswald\\Dropbox\\Arbeit\\postdoc_leeds\\real_time_ineq_abm\\rtabm\\model1_class.py:272: UserWarning: set_ticklabels() should only be used with a fixed number of ticks, i.e. after set_ticks() or using a FixedLocator.\n",
      "  ax.set_yticklabels(['0%', '0%', '20%', '40%', '60%', '80%'])\n",
      "c:\\Users\\yoswald\\Dropbox\\Arbeit\\postdoc_leeds\\real_time_ineq_abm\\rtabm\\model2_class.py:194: UserWarning: set_ticklabels() should only be used with a fixed number of ticks, i.e. after set_ticks() or using a FixedLocator.\n",
      "  ax.set_yticklabels(['0%', '0%', '20%', '40%', '60%', '80%'])\n",
      "Model error estimate without ENKF:  33%|███▎      | 10/30 [01:09<02:19,  6.99s/it]c:\\Users\\yoswald\\Dropbox\\Arbeit\\postdoc_leeds\\real_time_ineq_abm\\rtabm\\model1_class.py:272: UserWarning: set_ticklabels() should only be used with a fixed number of ticks, i.e. after set_ticks() or using a FixedLocator.\n",
      "  ax.set_yticklabels(['0%', '0%', '20%', '40%', '60%', '80%'])\n",
      "c:\\Users\\yoswald\\Dropbox\\Arbeit\\postdoc_leeds\\real_time_ineq_abm\\rtabm\\model2_class.py:194: UserWarning: set_ticklabels() should only be used with a fixed number of ticks, i.e. after set_ticks() or using a FixedLocator.\n",
      "  ax.set_yticklabels(['0%', '0%', '20%', '40%', '60%', '80%'])\n",
      "Model error estimate without ENKF:  37%|███▋      | 11/30 [01:16<02:11,  6.92s/it]c:\\Users\\yoswald\\Dropbox\\Arbeit\\postdoc_leeds\\real_time_ineq_abm\\rtabm\\model1_class.py:272: UserWarning: set_ticklabels() should only be used with a fixed number of ticks, i.e. after set_ticks() or using a FixedLocator.\n",
      "  ax.set_yticklabels(['0%', '0%', '20%', '40%', '60%', '80%'])\n",
      "c:\\Users\\yoswald\\Dropbox\\Arbeit\\postdoc_leeds\\real_time_ineq_abm\\rtabm\\model2_class.py:194: UserWarning: set_ticklabels() should only be used with a fixed number of ticks, i.e. after set_ticks() or using a FixedLocator.\n",
      "  ax.set_yticklabels(['0%', '0%', '20%', '40%', '60%', '80%'])\n",
      "Model error estimate without ENKF:  40%|████      | 12/30 [01:22<02:03,  6.88s/it]c:\\Users\\yoswald\\Dropbox\\Arbeit\\postdoc_leeds\\real_time_ineq_abm\\rtabm\\model1_class.py:272: UserWarning: set_ticklabels() should only be used with a fixed number of ticks, i.e. after set_ticks() or using a FixedLocator.\n",
      "  ax.set_yticklabels(['0%', '0%', '20%', '40%', '60%', '80%'])\n",
      "c:\\Users\\yoswald\\Dropbox\\Arbeit\\postdoc_leeds\\real_time_ineq_abm\\rtabm\\model2_class.py:194: UserWarning: set_ticklabels() should only be used with a fixed number of ticks, i.e. after set_ticks() or using a FixedLocator.\n",
      "  ax.set_yticklabels(['0%', '0%', '20%', '40%', '60%', '80%'])\n",
      "Model error estimate without ENKF:  43%|████▎     | 13/30 [01:29<01:56,  6.86s/it]c:\\Users\\yoswald\\Dropbox\\Arbeit\\postdoc_leeds\\real_time_ineq_abm\\rtabm\\model1_class.py:272: UserWarning: set_ticklabels() should only be used with a fixed number of ticks, i.e. after set_ticks() or using a FixedLocator.\n",
      "  ax.set_yticklabels(['0%', '0%', '20%', '40%', '60%', '80%'])\n",
      "c:\\Users\\yoswald\\Dropbox\\Arbeit\\postdoc_leeds\\real_time_ineq_abm\\rtabm\\model2_class.py:194: UserWarning: set_ticklabels() should only be used with a fixed number of ticks, i.e. after set_ticks() or using a FixedLocator.\n",
      "  ax.set_yticklabels(['0%', '0%', '20%', '40%', '60%', '80%'])\n",
      "Model error estimate without ENKF:  47%|████▋     | 14/30 [01:32<01:31,  5.70s/it]c:\\Users\\yoswald\\Dropbox\\Arbeit\\postdoc_leeds\\real_time_ineq_abm\\rtabm\\model1_class.py:272: UserWarning: set_ticklabels() should only be used with a fixed number of ticks, i.e. after set_ticks() or using a FixedLocator.\n",
      "  ax.set_yticklabels(['0%', '0%', '20%', '40%', '60%', '80%'])\n",
      "c:\\Users\\yoswald\\Dropbox\\Arbeit\\postdoc_leeds\\real_time_ineq_abm\\rtabm\\model2_class.py:194: UserWarning: set_ticklabels() should only be used with a fixed number of ticks, i.e. after set_ticks() or using a FixedLocator.\n",
      "  ax.set_yticklabels(['0%', '0%', '20%', '40%', '60%', '80%'])\n",
      "Model error estimate without ENKF:  50%|█████     | 15/30 [01:34<01:07,  4.52s/it]c:\\Users\\yoswald\\Dropbox\\Arbeit\\postdoc_leeds\\real_time_ineq_abm\\rtabm\\model1_class.py:272: UserWarning: set_ticklabels() should only be used with a fixed number of ticks, i.e. after set_ticks() or using a FixedLocator.\n",
      "  ax.set_yticklabels(['0%', '0%', '20%', '40%', '60%', '80%'])\n",
      "c:\\Users\\yoswald\\Dropbox\\Arbeit\\postdoc_leeds\\real_time_ineq_abm\\rtabm\\model2_class.py:194: UserWarning: set_ticklabels() should only be used with a fixed number of ticks, i.e. after set_ticks() or using a FixedLocator.\n",
      "  ax.set_yticklabels(['0%', '0%', '20%', '40%', '60%', '80%'])\n",
      "Model error estimate without ENKF:  53%|█████▎    | 16/30 [01:36<00:51,  3.69s/it]c:\\Users\\yoswald\\Dropbox\\Arbeit\\postdoc_leeds\\real_time_ineq_abm\\rtabm\\model1_class.py:272: UserWarning: set_ticklabels() should only be used with a fixed number of ticks, i.e. after set_ticks() or using a FixedLocator.\n",
      "  ax.set_yticklabels(['0%', '0%', '20%', '40%', '60%', '80%'])\n",
      "c:\\Users\\yoswald\\Dropbox\\Arbeit\\postdoc_leeds\\real_time_ineq_abm\\rtabm\\model2_class.py:194: UserWarning: set_ticklabels() should only be used with a fixed number of ticks, i.e. after set_ticks() or using a FixedLocator.\n",
      "  ax.set_yticklabels(['0%', '0%', '20%', '40%', '60%', '80%'])\n",
      "Model error estimate without ENKF:  57%|█████▋    | 17/30 [01:38<00:40,  3.11s/it]c:\\Users\\yoswald\\Dropbox\\Arbeit\\postdoc_leeds\\real_time_ineq_abm\\rtabm\\model1_class.py:272: UserWarning: set_ticklabels() should only be used with a fixed number of ticks, i.e. after set_ticks() or using a FixedLocator.\n",
      "  ax.set_yticklabels(['0%', '0%', '20%', '40%', '60%', '80%'])\n",
      "c:\\Users\\yoswald\\Dropbox\\Arbeit\\postdoc_leeds\\real_time_ineq_abm\\rtabm\\model2_class.py:194: UserWarning: set_ticklabels() should only be used with a fixed number of ticks, i.e. after set_ticks() or using a FixedLocator.\n",
      "  ax.set_yticklabels(['0%', '0%', '20%', '40%', '60%', '80%'])\n",
      "Model error estimate without ENKF:  60%|██████    | 18/30 [01:43<00:44,  3.74s/it]c:\\Users\\yoswald\\Dropbox\\Arbeit\\postdoc_leeds\\real_time_ineq_abm\\rtabm\\model1_class.py:272: UserWarning: set_ticklabels() should only be used with a fixed number of ticks, i.e. after set_ticks() or using a FixedLocator.\n",
      "  ax.set_yticklabels(['0%', '0%', '20%', '40%', '60%', '80%'])\n",
      "c:\\Users\\yoswald\\Dropbox\\Arbeit\\postdoc_leeds\\real_time_ineq_abm\\rtabm\\model2_class.py:194: UserWarning: set_ticklabels() should only be used with a fixed number of ticks, i.e. after set_ticks() or using a FixedLocator.\n",
      "  ax.set_yticklabels(['0%', '0%', '20%', '40%', '60%', '80%'])\n",
      "Model error estimate without ENKF:  63%|██████▎   | 19/30 [01:49<00:50,  4.62s/it]c:\\Users\\yoswald\\Dropbox\\Arbeit\\postdoc_leeds\\real_time_ineq_abm\\rtabm\\model1_class.py:272: UserWarning: set_ticklabels() should only be used with a fixed number of ticks, i.e. after set_ticks() or using a FixedLocator.\n",
      "  ax.set_yticklabels(['0%', '0%', '20%', '40%', '60%', '80%'])\n",
      "c:\\Users\\yoswald\\Dropbox\\Arbeit\\postdoc_leeds\\real_time_ineq_abm\\rtabm\\model2_class.py:194: UserWarning: set_ticklabels() should only be used with a fixed number of ticks, i.e. after set_ticks() or using a FixedLocator.\n",
      "  ax.set_yticklabels(['0%', '0%', '20%', '40%', '60%', '80%'])\n",
      "Model error estimate without ENKF:  67%|██████▋   | 20/30 [01:56<00:52,  5.26s/it]c:\\Users\\yoswald\\Dropbox\\Arbeit\\postdoc_leeds\\real_time_ineq_abm\\rtabm\\benchmarking_error_simple.py:95: RuntimeWarning: More than 20 figures have been opened. Figures created through the pyplot interface (`matplotlib.pyplot.figure`) are retained until explicitly closed and may consume too much memory. (To control this warning, see the rcParam `figure.max_open_warning`). Consider using `matplotlib.pyplot.close()`.\n",
      "  fig, (ax1, ax2) = plt.subplots(1, 2,figsize=(10,4))\n",
      "c:\\Users\\yoswald\\Dropbox\\Arbeit\\postdoc_leeds\\real_time_ineq_abm\\rtabm\\model1_class.py:272: UserWarning: set_ticklabels() should only be used with a fixed number of ticks, i.e. after set_ticks() or using a FixedLocator.\n",
      "  ax.set_yticklabels(['0%', '0%', '20%', '40%', '60%', '80%'])\n",
      "c:\\Users\\yoswald\\Dropbox\\Arbeit\\postdoc_leeds\\real_time_ineq_abm\\rtabm\\model2_class.py:194: UserWarning: set_ticklabels() should only be used with a fixed number of ticks, i.e. after set_ticks() or using a FixedLocator.\n",
      "  ax.set_yticklabels(['0%', '0%', '20%', '40%', '60%', '80%'])\n",
      "Model error estimate without ENKF:  70%|███████   | 21/30 [02:03<00:51,  5.70s/it]c:\\Users\\yoswald\\Dropbox\\Arbeit\\postdoc_leeds\\real_time_ineq_abm\\rtabm\\model1_class.py:272: UserWarning: set_ticklabels() should only be used with a fixed number of ticks, i.e. after set_ticks() or using a FixedLocator.\n",
      "  ax.set_yticklabels(['0%', '0%', '20%', '40%', '60%', '80%'])\n",
      "c:\\Users\\yoswald\\Dropbox\\Arbeit\\postdoc_leeds\\real_time_ineq_abm\\rtabm\\model2_class.py:194: UserWarning: set_ticklabels() should only be used with a fixed number of ticks, i.e. after set_ticks() or using a FixedLocator.\n",
      "  ax.set_yticklabels(['0%', '0%', '20%', '40%', '60%', '80%'])\n",
      "Model error estimate without ENKF:  73%|███████▎  | 22/30 [02:11<00:51,  6.42s/it]c:\\Users\\yoswald\\Dropbox\\Arbeit\\postdoc_leeds\\real_time_ineq_abm\\rtabm\\model1_class.py:272: UserWarning: set_ticklabels() should only be used with a fixed number of ticks, i.e. after set_ticks() or using a FixedLocator.\n",
      "  ax.set_yticklabels(['0%', '0%', '20%', '40%', '60%', '80%'])\n",
      "c:\\Users\\yoswald\\Dropbox\\Arbeit\\postdoc_leeds\\real_time_ineq_abm\\rtabm\\model2_class.py:194: UserWarning: set_ticklabels() should only be used with a fixed number of ticks, i.e. after set_ticks() or using a FixedLocator.\n",
      "  ax.set_yticklabels(['0%', '0%', '20%', '40%', '60%', '80%'])\n",
      "Model error estimate without ENKF:  77%|███████▋  | 23/30 [02:18<00:45,  6.50s/it]c:\\Users\\yoswald\\Dropbox\\Arbeit\\postdoc_leeds\\real_time_ineq_abm\\rtabm\\model1_class.py:272: UserWarning: set_ticklabels() should only be used with a fixed number of ticks, i.e. after set_ticks() or using a FixedLocator.\n",
      "  ax.set_yticklabels(['0%', '0%', '20%', '40%', '60%', '80%'])\n",
      "c:\\Users\\yoswald\\Dropbox\\Arbeit\\postdoc_leeds\\real_time_ineq_abm\\rtabm\\model2_class.py:194: UserWarning: set_ticklabels() should only be used with a fixed number of ticks, i.e. after set_ticks() or using a FixedLocator.\n",
      "  ax.set_yticklabels(['0%', '0%', '20%', '40%', '60%', '80%'])\n",
      "Model error estimate without ENKF:  80%|████████  | 24/30 [02:24<00:39,  6.54s/it]c:\\Users\\yoswald\\Dropbox\\Arbeit\\postdoc_leeds\\real_time_ineq_abm\\rtabm\\model1_class.py:272: UserWarning: set_ticklabels() should only be used with a fixed number of ticks, i.e. after set_ticks() or using a FixedLocator.\n",
      "  ax.set_yticklabels(['0%', '0%', '20%', '40%', '60%', '80%'])\n",
      "c:\\Users\\yoswald\\Dropbox\\Arbeit\\postdoc_leeds\\real_time_ineq_abm\\rtabm\\model2_class.py:194: UserWarning: set_ticklabels() should only be used with a fixed number of ticks, i.e. after set_ticks() or using a FixedLocator.\n",
      "  ax.set_yticklabels(['0%', '0%', '20%', '40%', '60%', '80%'])\n",
      "Model error estimate without ENKF:  83%|████████▎ | 25/30 [02:31<00:32,  6.57s/it]c:\\Users\\yoswald\\Dropbox\\Arbeit\\postdoc_leeds\\real_time_ineq_abm\\rtabm\\model1_class.py:272: UserWarning: set_ticklabels() should only be used with a fixed number of ticks, i.e. after set_ticks() or using a FixedLocator.\n",
      "  ax.set_yticklabels(['0%', '0%', '20%', '40%', '60%', '80%'])\n",
      "c:\\Users\\yoswald\\Dropbox\\Arbeit\\postdoc_leeds\\real_time_ineq_abm\\rtabm\\model2_class.py:194: UserWarning: set_ticklabels() should only be used with a fixed number of ticks, i.e. after set_ticks() or using a FixedLocator.\n",
      "  ax.set_yticklabels(['0%', '0%', '20%', '40%', '60%', '80%'])\n",
      "Model error estimate without ENKF:  87%|████████▋ | 26/30 [02:38<00:26,  6.61s/it]c:\\Users\\yoswald\\Dropbox\\Arbeit\\postdoc_leeds\\real_time_ineq_abm\\rtabm\\model1_class.py:272: UserWarning: set_ticklabels() should only be used with a fixed number of ticks, i.e. after set_ticks() or using a FixedLocator.\n",
      "  ax.set_yticklabels(['0%', '0%', '20%', '40%', '60%', '80%'])\n",
      "c:\\Users\\yoswald\\Dropbox\\Arbeit\\postdoc_leeds\\real_time_ineq_abm\\rtabm\\model2_class.py:194: UserWarning: set_ticklabels() should only be used with a fixed number of ticks, i.e. after set_ticks() or using a FixedLocator.\n",
      "  ax.set_yticklabels(['0%', '0%', '20%', '40%', '60%', '80%'])\n",
      "Model error estimate without ENKF:  90%|█████████ | 27/30 [02:44<00:20,  6.67s/it]c:\\Users\\yoswald\\Dropbox\\Arbeit\\postdoc_leeds\\real_time_ineq_abm\\rtabm\\model1_class.py:272: UserWarning: set_ticklabels() should only be used with a fixed number of ticks, i.e. after set_ticks() or using a FixedLocator.\n",
      "  ax.set_yticklabels(['0%', '0%', '20%', '40%', '60%', '80%'])\n",
      "c:\\Users\\yoswald\\Dropbox\\Arbeit\\postdoc_leeds\\real_time_ineq_abm\\rtabm\\model2_class.py:194: UserWarning: set_ticklabels() should only be used with a fixed number of ticks, i.e. after set_ticks() or using a FixedLocator.\n",
      "  ax.set_yticklabels(['0%', '0%', '20%', '40%', '60%', '80%'])\n",
      "Model error estimate without ENKF:  93%|█████████▎| 28/30 [02:51<00:13,  6.73s/it]c:\\Users\\yoswald\\Dropbox\\Arbeit\\postdoc_leeds\\real_time_ineq_abm\\rtabm\\model1_class.py:272: UserWarning: set_ticklabels() should only be used with a fixed number of ticks, i.e. after set_ticks() or using a FixedLocator.\n",
      "  ax.set_yticklabels(['0%', '0%', '20%', '40%', '60%', '80%'])\n",
      "c:\\Users\\yoswald\\Dropbox\\Arbeit\\postdoc_leeds\\real_time_ineq_abm\\rtabm\\model2_class.py:194: UserWarning: set_ticklabels() should only be used with a fixed number of ticks, i.e. after set_ticks() or using a FixedLocator.\n",
      "  ax.set_yticklabels(['0%', '0%', '20%', '40%', '60%', '80%'])\n",
      "Model error estimate without ENKF:  97%|█████████▋| 29/30 [02:58<00:06,  6.74s/it]c:\\Users\\yoswald\\Dropbox\\Arbeit\\postdoc_leeds\\real_time_ineq_abm\\rtabm\\model1_class.py:272: UserWarning: set_ticklabels() should only be used with a fixed number of ticks, i.e. after set_ticks() or using a FixedLocator.\n",
      "  ax.set_yticklabels(['0%', '0%', '20%', '40%', '60%', '80%'])\n",
      "c:\\Users\\yoswald\\Dropbox\\Arbeit\\postdoc_leeds\\real_time_ineq_abm\\rtabm\\model2_class.py:194: UserWarning: set_ticklabels() should only be used with a fixed number of ticks, i.e. after set_ticks() or using a FixedLocator.\n",
      "  ax.set_yticklabels(['0%', '0%', '20%', '40%', '60%', '80%'])\n",
      "Model error estimate without ENKF: 100%|██████████| 30/30 [03:06<00:00,  6.23s/it]\n",
      "c:\\Users\\yoswald\\Dropbox\\Arbeit\\postdoc_leeds\\real_time_ineq_abm\\rtabm\\model1_class.py:272: UserWarning: set_ticklabels() should only be used with a fixed number of ticks, i.e. after set_ticks() or using a FixedLocator.\n",
      "  ax.set_yticklabels(['0%', '0%', '20%', '40%', '60%', '80%'])\n"
     ]
    },
    {
     "name": "stdout",
     "output_type": "stream",
     "text": [
      "(396, 4)\n",
      "(396, 4)\n",
      "this is data vector [[0.28628868 0.36080472 0.33442173 0.01848487]\n",
      " [0.28581432 0.36113329 0.3347986  0.01825377]\n",
      " [0.28561731 0.36136464 0.33496598 0.01805208]\n",
      " ...\n",
      " [0.34502427 0.34944692 0.29658986 0.00893895]\n",
      " [0.34880103 0.34820548 0.29410659 0.0088869 ]\n",
      " [0.34413446 0.35030326 0.29692774 0.00863453]]\n",
      "(396, 4)\n",
      "(396, 4)\n",
      "this is data vector [[0.28628868 0.36080472 0.33442173 0.01848487]\n",
      " [0.28581432 0.36113329 0.3347986  0.01825377]\n",
      " [0.28561731 0.36136464 0.33496598 0.01805208]\n",
      " ...\n",
      " [0.34502427 0.34944692 0.29658986 0.00893895]\n",
      " [0.34880103 0.34820548 0.29410659 0.0088869 ]\n",
      " [0.34413446 0.35030326 0.29692774 0.00863453]]\n",
      "(396, 4)\n",
      "(396, 4)\n",
      "this is data vector [[0.28628868 0.36080472 0.33442173 0.01848487]\n",
      " [0.28581432 0.36113329 0.3347986  0.01825377]\n",
      " [0.28561731 0.36136464 0.33496598 0.01805208]\n",
      " ...\n",
      " [0.34502427 0.34944692 0.29658986 0.00893895]\n",
      " [0.34880103 0.34820548 0.29410659 0.0088869 ]\n",
      " [0.34413446 0.35030326 0.29692774 0.00863453]]\n",
      "(396, 4)\n",
      "(396, 4)\n",
      "this is data vector [[0.28628868 0.36080472 0.33442173 0.01848487]\n",
      " [0.28581432 0.36113329 0.3347986  0.01825377]\n",
      " [0.28561731 0.36136464 0.33496598 0.01805208]\n",
      " ...\n",
      " [0.34502427 0.34944692 0.29658986 0.00893895]\n",
      " [0.34880103 0.34820548 0.29410659 0.0088869 ]\n",
      " [0.34413446 0.35030326 0.29692774 0.00863453]]\n",
      "(396, 4)\n",
      "(396, 4)\n",
      "this is data vector [[0.28628868 0.36080472 0.33442173 0.01848487]\n",
      " [0.28581432 0.36113329 0.3347986  0.01825377]\n",
      " [0.28561731 0.36136464 0.33496598 0.01805208]\n",
      " ...\n",
      " [0.34502427 0.34944692 0.29658986 0.00893895]\n",
      " [0.34880103 0.34820548 0.29410659 0.0088869 ]\n",
      " [0.34413446 0.35030326 0.29692774 0.00863453]]\n",
      "(396, 4)\n",
      "(396, 4)\n",
      "this is data vector [[0.28628868 0.36080472 0.33442173 0.01848487]\n",
      " [0.28581432 0.36113329 0.3347986  0.01825377]\n",
      " [0.28561731 0.36136464 0.33496598 0.01805208]\n",
      " ...\n",
      " [0.34502427 0.34944692 0.29658986 0.00893895]\n",
      " [0.34880103 0.34820548 0.29410659 0.0088869 ]\n",
      " [0.34413446 0.35030326 0.29692774 0.00863453]]\n",
      "(396, 4)\n",
      "(396, 4)\n",
      "this is data vector [[0.28628868 0.36080472 0.33442173 0.01848487]\n",
      " [0.28581432 0.36113329 0.3347986  0.01825377]\n",
      " [0.28561731 0.36136464 0.33496598 0.01805208]\n",
      " ...\n",
      " [0.34502427 0.34944692 0.29658986 0.00893895]\n",
      " [0.34880103 0.34820548 0.29410659 0.0088869 ]\n",
      " [0.34413446 0.35030326 0.29692774 0.00863453]]\n",
      "(396, 4)\n",
      "(396, 4)\n",
      "this is data vector [[0.28628868 0.36080472 0.33442173 0.01848487]\n",
      " [0.28581432 0.36113329 0.3347986  0.01825377]\n",
      " [0.28561731 0.36136464 0.33496598 0.01805208]\n",
      " ...\n",
      " [0.34502427 0.34944692 0.29658986 0.00893895]\n",
      " [0.34880103 0.34820548 0.29410659 0.0088869 ]\n",
      " [0.34413446 0.35030326 0.29692774 0.00863453]]\n",
      "(396, 4)\n",
      "(396, 4)\n",
      "this is data vector [[0.28628868 0.36080472 0.33442173 0.01848487]\n",
      " [0.28581432 0.36113329 0.3347986  0.01825377]\n",
      " [0.28561731 0.36136464 0.33496598 0.01805208]\n",
      " ...\n",
      " [0.34502427 0.34944692 0.29658986 0.00893895]\n",
      " [0.34880103 0.34820548 0.29410659 0.0088869 ]\n",
      " [0.34413446 0.35030326 0.29692774 0.00863453]]\n",
      "(396, 4)\n",
      "(396, 4)\n",
      "this is data vector [[0.28628868 0.36080472 0.33442173 0.01848487]\n",
      " [0.28581432 0.36113329 0.3347986  0.01825377]\n",
      " [0.28561731 0.36136464 0.33496598 0.01805208]\n",
      " ...\n",
      " [0.34502427 0.34944692 0.29658986 0.00893895]\n",
      " [0.34880103 0.34820548 0.29410659 0.0088869 ]\n",
      " [0.34413446 0.35030326 0.29692774 0.00863453]]\n",
      "(396, 4)\n",
      "(396, 4)\n",
      "this is data vector [[0.28628868 0.36080472 0.33442173 0.01848487]\n",
      " [0.28581432 0.36113329 0.3347986  0.01825377]\n",
      " [0.28561731 0.36136464 0.33496598 0.01805208]\n",
      " ...\n",
      " [0.34502427 0.34944692 0.29658986 0.00893895]\n",
      " [0.34880103 0.34820548 0.29410659 0.0088869 ]\n",
      " [0.34413446 0.35030326 0.29692774 0.00863453]]\n",
      "(396, 4)\n",
      "(396, 4)\n",
      "this is data vector [[0.28628868 0.36080472 0.33442173 0.01848487]\n",
      " [0.28581432 0.36113329 0.3347986  0.01825377]\n",
      " [0.28561731 0.36136464 0.33496598 0.01805208]\n",
      " ...\n",
      " [0.34502427 0.34944692 0.29658986 0.00893895]\n",
      " [0.34880103 0.34820548 0.29410659 0.0088869 ]\n",
      " [0.34413446 0.35030326 0.29692774 0.00863453]]\n",
      "(396, 4)\n",
      "(396, 4)\n",
      "this is data vector [[0.28628868 0.36080472 0.33442173 0.01848487]\n",
      " [0.28581432 0.36113329 0.3347986  0.01825377]\n",
      " [0.28561731 0.36136464 0.33496598 0.01805208]\n",
      " ...\n",
      " [0.34502427 0.34944692 0.29658986 0.00893895]\n",
      " [0.34880103 0.34820548 0.29410659 0.0088869 ]\n",
      " [0.34413446 0.35030326 0.29692774 0.00863453]]\n",
      "(396, 4)\n",
      "(396, 4)\n",
      "this is data vector [[0.28628868 0.36080472 0.33442173 0.01848487]\n",
      " [0.28581432 0.36113329 0.3347986  0.01825377]\n",
      " [0.28561731 0.36136464 0.33496598 0.01805208]\n",
      " ...\n",
      " [0.34502427 0.34944692 0.29658986 0.00893895]\n",
      " [0.34880103 0.34820548 0.29410659 0.0088869 ]\n",
      " [0.34413446 0.35030326 0.29692774 0.00863453]]\n",
      "(396, 4)\n",
      "(396, 4)\n",
      "this is data vector [[0.28628868 0.36080472 0.33442173 0.01848487]\n",
      " [0.28581432 0.36113329 0.3347986  0.01825377]\n",
      " [0.28561731 0.36136464 0.33496598 0.01805208]\n",
      " ...\n",
      " [0.34502427 0.34944692 0.29658986 0.00893895]\n",
      " [0.34880103 0.34820548 0.29410659 0.0088869 ]\n",
      " [0.34413446 0.35030326 0.29692774 0.00863453]]\n",
      "(396, 4)\n",
      "(396, 4)\n",
      "this is data vector [[0.28628868 0.36080472 0.33442173 0.01848487]\n",
      " [0.28581432 0.36113329 0.3347986  0.01825377]\n",
      " [0.28561731 0.36136464 0.33496598 0.01805208]\n",
      " ...\n",
      " [0.34502427 0.34944692 0.29658986 0.00893895]\n",
      " [0.34880103 0.34820548 0.29410659 0.0088869 ]\n",
      " [0.34413446 0.35030326 0.29692774 0.00863453]]\n",
      "(396, 4)\n",
      "(396, 4)\n",
      "this is data vector [[0.28628868 0.36080472 0.33442173 0.01848487]\n",
      " [0.28581432 0.36113329 0.3347986  0.01825377]\n",
      " [0.28561731 0.36136464 0.33496598 0.01805208]\n",
      " ...\n",
      " [0.34502427 0.34944692 0.29658986 0.00893895]\n",
      " [0.34880103 0.34820548 0.29410659 0.0088869 ]\n",
      " [0.34413446 0.35030326 0.29692774 0.00863453]]\n",
      "(396, 4)\n",
      "(396, 4)\n",
      "this is data vector [[0.28628868 0.36080472 0.33442173 0.01848487]\n",
      " [0.28581432 0.36113329 0.3347986  0.01825377]\n",
      " [0.28561731 0.36136464 0.33496598 0.01805208]\n",
      " ...\n",
      " [0.34502427 0.34944692 0.29658986 0.00893895]\n",
      " [0.34880103 0.34820548 0.29410659 0.0088869 ]\n",
      " [0.34413446 0.35030326 0.29692774 0.00863453]]\n",
      "(396, 4)\n",
      "(396, 4)\n",
      "this is data vector [[0.28628868 0.36080472 0.33442173 0.01848487]\n",
      " [0.28581432 0.36113329 0.3347986  0.01825377]\n",
      " [0.28561731 0.36136464 0.33496598 0.01805208]\n",
      " ...\n",
      " [0.34502427 0.34944692 0.29658986 0.00893895]\n",
      " [0.34880103 0.34820548 0.29410659 0.0088869 ]\n",
      " [0.34413446 0.35030326 0.29692774 0.00863453]]\n",
      "(396, 4)\n",
      "(396, 4)\n",
      "this is data vector [[0.28628868 0.36080472 0.33442173 0.01848487]\n",
      " [0.28581432 0.36113329 0.3347986  0.01825377]\n",
      " [0.28561731 0.36136464 0.33496598 0.01805208]\n",
      " ...\n",
      " [0.34502427 0.34944692 0.29658986 0.00893895]\n",
      " [0.34880103 0.34820548 0.29410659 0.0088869 ]\n",
      " [0.34413446 0.35030326 0.29692774 0.00863453]]\n",
      "(396, 4)\n",
      "(396, 4)\n",
      "this is data vector [[0.28628868 0.36080472 0.33442173 0.01848487]\n",
      " [0.28581432 0.36113329 0.3347986  0.01825377]\n",
      " [0.28561731 0.36136464 0.33496598 0.01805208]\n",
      " ...\n",
      " [0.34502427 0.34944692 0.29658986 0.00893895]\n",
      " [0.34880103 0.34820548 0.29410659 0.0088869 ]\n",
      " [0.34413446 0.35030326 0.29692774 0.00863453]]\n",
      "(396, 4)\n",
      "(396, 4)\n",
      "this is data vector [[0.28628868 0.36080472 0.33442173 0.01848487]\n",
      " [0.28581432 0.36113329 0.3347986  0.01825377]\n",
      " [0.28561731 0.36136464 0.33496598 0.01805208]\n",
      " ...\n",
      " [0.34502427 0.34944692 0.29658986 0.00893895]\n",
      " [0.34880103 0.34820548 0.29410659 0.0088869 ]\n",
      " [0.34413446 0.35030326 0.29692774 0.00863453]]\n",
      "(396, 4)\n",
      "(396, 4)\n",
      "this is data vector [[0.28628868 0.36080472 0.33442173 0.01848487]\n",
      " [0.28581432 0.36113329 0.3347986  0.01825377]\n",
      " [0.28561731 0.36136464 0.33496598 0.01805208]\n",
      " ...\n",
      " [0.34502427 0.34944692 0.29658986 0.00893895]\n",
      " [0.34880103 0.34820548 0.29410659 0.0088869 ]\n",
      " [0.34413446 0.35030326 0.29692774 0.00863453]]\n",
      "(396, 4)\n",
      "(396, 4)\n",
      "this is data vector [[0.28628868 0.36080472 0.33442173 0.01848487]\n",
      " [0.28581432 0.36113329 0.3347986  0.01825377]\n",
      " [0.28561731 0.36136464 0.33496598 0.01805208]\n",
      " ...\n",
      " [0.34502427 0.34944692 0.29658986 0.00893895]\n",
      " [0.34880103 0.34820548 0.29410659 0.0088869 ]\n",
      " [0.34413446 0.35030326 0.29692774 0.00863453]]\n",
      "(396, 4)\n",
      "(396, 4)\n",
      "this is data vector [[0.28628868 0.36080472 0.33442173 0.01848487]\n",
      " [0.28581432 0.36113329 0.3347986  0.01825377]\n",
      " [0.28561731 0.36136464 0.33496598 0.01805208]\n",
      " ...\n",
      " [0.34502427 0.34944692 0.29658986 0.00893895]\n",
      " [0.34880103 0.34820548 0.29410659 0.0088869 ]\n",
      " [0.34413446 0.35030326 0.29692774 0.00863453]]\n",
      "(396, 4)\n",
      "(396, 4)\n",
      "this is data vector [[0.28628868 0.36080472 0.33442173 0.01848487]\n",
      " [0.28581432 0.36113329 0.3347986  0.01825377]\n",
      " [0.28561731 0.36136464 0.33496598 0.01805208]\n",
      " ...\n",
      " [0.34502427 0.34944692 0.29658986 0.00893895]\n",
      " [0.34880103 0.34820548 0.29410659 0.0088869 ]\n",
      " [0.34413446 0.35030326 0.29692774 0.00863453]]\n",
      "(396, 4)\n",
      "(396, 4)\n",
      "this is data vector [[0.28628868 0.36080472 0.33442173 0.01848487]\n",
      " [0.28581432 0.36113329 0.3347986  0.01825377]\n",
      " [0.28561731 0.36136464 0.33496598 0.01805208]\n",
      " ...\n",
      " [0.34502427 0.34944692 0.29658986 0.00893895]\n",
      " [0.34880103 0.34820548 0.29410659 0.0088869 ]\n",
      " [0.34413446 0.35030326 0.29692774 0.00863453]]\n",
      "(396, 4)\n",
      "(396, 4)\n",
      "this is data vector [[0.28628868 0.36080472 0.33442173 0.01848487]\n",
      " [0.28581432 0.36113329 0.3347986  0.01825377]\n",
      " [0.28561731 0.36136464 0.33496598 0.01805208]\n",
      " ...\n",
      " [0.34502427 0.34944692 0.29658986 0.00893895]\n",
      " [0.34880103 0.34820548 0.29410659 0.0088869 ]\n",
      " [0.34413446 0.35030326 0.29692774 0.00863453]]\n",
      "(396, 4)\n",
      "(396, 4)\n",
      "this is data vector [[0.28628868 0.36080472 0.33442173 0.01848487]\n",
      " [0.28581432 0.36113329 0.3347986  0.01825377]\n",
      " [0.28561731 0.36136464 0.33496598 0.01805208]\n",
      " ...\n",
      " [0.34502427 0.34944692 0.29658986 0.00893895]\n",
      " [0.34880103 0.34820548 0.29410659 0.0088869 ]\n",
      " [0.34413446 0.35030326 0.29692774 0.00863453]]\n",
      "(396, 4)\n",
      "(396, 4)\n",
      "this is data vector [[0.28628868 0.36080472 0.33442173 0.01848487]\n",
      " [0.28581432 0.36113329 0.3347986  0.01825377]\n",
      " [0.28561731 0.36136464 0.33496598 0.01805208]\n",
      " ...\n",
      " [0.34502427 0.34944692 0.29658986 0.00893895]\n",
      " [0.34880103 0.34820548 0.29410659 0.0088869 ]\n",
      " [0.34413446 0.35030326 0.29692774 0.00863453]]\n",
      "(396, 4)\n",
      "(396, 4)\n",
      "this is data vector [[0.28628868 0.36080472 0.33442173 0.01848487]\n",
      " [0.28581432 0.36113329 0.3347986  0.01825377]\n",
      " [0.28561731 0.36136464 0.33496598 0.01805208]\n",
      " ...\n",
      " [0.34502427 0.34944692 0.29658986 0.00893895]\n",
      " [0.34880103 0.34820548 0.29410659 0.0088869 ]\n",
      " [0.34413446 0.35030326 0.29692774 0.00863453]]\n",
      "(396, 4)\n",
      "(396, 4)\n",
      "this is data vector [[0.28628868 0.36080472 0.33442173 0.01848487]\n",
      " [0.28581432 0.36113329 0.3347986  0.01825377]\n",
      " [0.28561731 0.36136464 0.33496598 0.01805208]\n",
      " ...\n",
      " [0.34502427 0.34944692 0.29658986 0.00893895]\n",
      " [0.34880103 0.34820548 0.29410659 0.0088869 ]\n",
      " [0.34413446 0.35030326 0.29692774 0.00863453]]\n",
      "(396, 4)\n",
      "(396, 4)\n",
      "this is data vector [[0.28628868 0.36080472 0.33442173 0.01848487]\n",
      " [0.28581432 0.36113329 0.3347986  0.01825377]\n",
      " [0.28561731 0.36136464 0.33496598 0.01805208]\n",
      " ...\n",
      " [0.34502427 0.34944692 0.29658986 0.00893895]\n",
      " [0.34880103 0.34820548 0.29410659 0.0088869 ]\n",
      " [0.34413446 0.35030326 0.29692774 0.00863453]]\n",
      "(396, 4)\n",
      "(396, 4)\n",
      "this is data vector [[0.28628868 0.36080472 0.33442173 0.01848487]\n",
      " [0.28581432 0.36113329 0.3347986  0.01825377]\n",
      " [0.28561731 0.36136464 0.33496598 0.01805208]\n",
      " ...\n",
      " [0.34502427 0.34944692 0.29658986 0.00893895]\n",
      " [0.34880103 0.34820548 0.29410659 0.0088869 ]\n",
      " [0.34413446 0.35030326 0.29692774 0.00863453]]\n",
      "(396, 4)\n",
      "(396, 4)\n",
      "this is data vector [[0.28628868 0.36080472 0.33442173 0.01848487]\n",
      " [0.28581432 0.36113329 0.3347986  0.01825377]\n",
      " [0.28561731 0.36136464 0.33496598 0.01805208]\n",
      " ...\n",
      " [0.34502427 0.34944692 0.29658986 0.00893895]\n",
      " [0.34880103 0.34820548 0.29410659 0.0088869 ]\n",
      " [0.34413446 0.35030326 0.29692774 0.00863453]]\n",
      "(396, 4)\n",
      "(396, 4)\n",
      "this is data vector [[0.28628868 0.36080472 0.33442173 0.01848487]\n",
      " [0.28581432 0.36113329 0.3347986  0.01825377]\n",
      " [0.28561731 0.36136464 0.33496598 0.01805208]\n",
      " ...\n",
      " [0.34502427 0.34944692 0.29658986 0.00893895]\n",
      " [0.34880103 0.34820548 0.29410659 0.0088869 ]\n",
      " [0.34413446 0.35030326 0.29692774 0.00863453]]\n",
      "(396, 4)\n",
      "(396, 4)\n",
      "this is data vector [[0.28628868 0.36080472 0.33442173 0.01848487]\n",
      " [0.28581432 0.36113329 0.3347986  0.01825377]\n",
      " [0.28561731 0.36136464 0.33496598 0.01805208]\n",
      " ...\n",
      " [0.34502427 0.34944692 0.29658986 0.00893895]\n",
      " [0.34880103 0.34820548 0.29410659 0.0088869 ]\n",
      " [0.34413446 0.35030326 0.29692774 0.00863453]]\n",
      "(396, 4)\n",
      "(396, 4)\n",
      "this is data vector [[0.28628868 0.36080472 0.33442173 0.01848487]\n",
      " [0.28581432 0.36113329 0.3347986  0.01825377]\n",
      " [0.28561731 0.36136464 0.33496598 0.01805208]\n",
      " ...\n",
      " [0.34502427 0.34944692 0.29658986 0.00893895]\n",
      " [0.34880103 0.34820548 0.29410659 0.0088869 ]\n",
      " [0.34413446 0.35030326 0.29692774 0.00863453]]\n",
      "(396, 4)\n",
      "(396, 4)\n",
      "this is data vector [[0.28628868 0.36080472 0.33442173 0.01848487]\n",
      " [0.28581432 0.36113329 0.3347986  0.01825377]\n",
      " [0.28561731 0.36136464 0.33496598 0.01805208]\n",
      " ...\n",
      " [0.34502427 0.34944692 0.29658986 0.00893895]\n",
      " [0.34880103 0.34820548 0.29410659 0.0088869 ]\n",
      " [0.34413446 0.35030326 0.29692774 0.00863453]]\n",
      "(396, 4)\n",
      "(396, 4)\n",
      "this is data vector [[0.28628868 0.36080472 0.33442173 0.01848487]\n",
      " [0.28581432 0.36113329 0.3347986  0.01825377]\n",
      " [0.28561731 0.36136464 0.33496598 0.01805208]\n",
      " ...\n",
      " [0.34502427 0.34944692 0.29658986 0.00893895]\n",
      " [0.34880103 0.34820548 0.29410659 0.0088869 ]\n",
      " [0.34413446 0.35030326 0.29692774 0.00863453]]\n",
      "(396, 4)\n",
      "(396, 4)\n",
      "this is data vector [[0.28628868 0.36080472 0.33442173 0.01848487]\n",
      " [0.28581432 0.36113329 0.3347986  0.01825377]\n",
      " [0.28561731 0.36136464 0.33496598 0.01805208]\n",
      " ...\n",
