{
 "cells": [
  {
   "cell_type": "code",
   "execution_count": 3,
   "metadata": {},
   "outputs": [
    {
     "name": "stdout",
     "output_type": "stream",
     "text": [
      "period length is  396\n"
     ]
    },
    {
     "name": "stderr",
     "output_type": "stream",
     "text": [
      "Iterations ENKF <class 'model1_class.Model1'>: 100%|██████████| 396/396 [00:16<00:00, 23.40it/s]\n",
      "Iterations ENKF <class 'model2_class.Model2'>: 100%|██████████| 396/396 [01:58<00:00,  3.33it/s]\n",
      "Model error estimate without ENKF:   0%|          | 0/30 [00:00<?, ?it/s]c:\\Users\\yoswald\\Dropbox\\Arbeit\\postdoc_leeds\\real_time_ineq_abm\\rtabm\\model1_class.py:264: UserWarning: set_ticklabels() should only be used with a fixed number of ticks, i.e. after set_ticks() or using a FixedLocator.\n",
      "  ax.set_yticklabels(['0%', '0%', '20%', '40%', '60%', '80%'])\n",
      "c:\\Users\\yoswald\\Dropbox\\Arbeit\\postdoc_leeds\\real_time_ineq_abm\\rtabm\\model2_class.py:190: UserWarning: set_ticklabels() should only be used with a fixed number of ticks, i.e. after set_ticks() or using a FixedLocator.\n",
      "  ax.set_yticklabels(['0%', '0%', '20%', '40%', '60%', '80%'])\n",
      "Model error estimate without ENKF:   3%|▎         | 1/30 [00:06<03:04,  6.36s/it]c:\\Users\\yoswald\\Dropbox\\Arbeit\\postdoc_leeds\\real_time_ineq_abm\\rtabm\\model1_class.py:264: UserWarning: set_ticklabels() should only be used with a fixed number of ticks, i.e. after set_ticks() or using a FixedLocator.\n",
      "  ax.set_yticklabels(['0%', '0%', '20%', '40%', '60%', '80%'])\n",
      "c:\\Users\\yoswald\\Dropbox\\Arbeit\\postdoc_leeds\\real_time_ineq_abm\\rtabm\\model2_class.py:190: UserWarning: set_ticklabels() should only be used with a fixed number of ticks, i.e. after set_ticks() or using a FixedLocator.\n",
      "  ax.set_yticklabels(['0%', '0%', '20%', '40%', '60%', '80%'])\n",
      "Model error estimate without ENKF:   7%|▋         | 2/30 [00:12<02:58,  6.39s/it]c:\\Users\\yoswald\\Dropbox\\Arbeit\\postdoc_leeds\\real_time_ineq_abm\\rtabm\\model1_class.py:264: UserWarning: set_ticklabels() should only be used with a fixed number of ticks, i.e. after set_ticks() or using a FixedLocator.\n",
      "  ax.set_yticklabels(['0%', '0%', '20%', '40%', '60%', '80%'])\n",
      "c:\\Users\\yoswald\\Dropbox\\Arbeit\\postdoc_leeds\\real_time_ineq_abm\\rtabm\\model2_class.py:190: UserWarning: set_ticklabels() should only be used with a fixed number of ticks, i.e. after set_ticks() or using a FixedLocator.\n",
      "  ax.set_yticklabels(['0%', '0%', '20%', '40%', '60%', '80%'])\n",
      "Model error estimate without ENKF:  10%|█         | 3/30 [00:19<02:52,  6.38s/it]c:\\Users\\yoswald\\Dropbox\\Arbeit\\postdoc_leeds\\real_time_ineq_abm\\rtabm\\model1_class.py:264: UserWarning: set_ticklabels() should only be used with a fixed number of ticks, i.e. after set_ticks() or using a FixedLocator.\n",
      "  ax.set_yticklabels(['0%', '0%', '20%', '40%', '60%', '80%'])\n",
      "c:\\Users\\yoswald\\Dropbox\\Arbeit\\postdoc_leeds\\real_time_ineq_abm\\rtabm\\model2_class.py:190: UserWarning: set_ticklabels() should only be used with a fixed number of ticks, i.e. after set_ticks() or using a FixedLocator.\n",
      "  ax.set_yticklabels(['0%', '0%', '20%', '40%', '60%', '80%'])\n",
      "Model error estimate without ENKF:  13%|█▎        | 4/30 [00:25<02:46,  6.40s/it]c:\\Users\\yoswald\\Dropbox\\Arbeit\\postdoc_leeds\\real_time_ineq_abm\\rtabm\\model1_class.py:264: UserWarning: set_ticklabels() should only be used with a fixed number of ticks, i.e. after set_ticks() or using a FixedLocator.\n",
      "  ax.set_yticklabels(['0%', '0%', '20%', '40%', '60%', '80%'])\n",
      "c:\\Users\\yoswald\\Dropbox\\Arbeit\\postdoc_leeds\\real_time_ineq_abm\\rtabm\\model2_class.py:190: UserWarning: set_ticklabels() should only be used with a fixed number of ticks, i.e. after set_ticks() or using a FixedLocator.\n",
      "  ax.set_yticklabels(['0%', '0%', '20%', '40%', '60%', '80%'])\n",
      "Model error estimate without ENKF:  17%|█▋        | 5/30 [00:32<02:40,  6.42s/it]c:\\Users\\yoswald\\Dropbox\\Arbeit\\postdoc_leeds\\real_time_ineq_abm\\rtabm\\model1_class.py:264: UserWarning: set_ticklabels() should only be used with a fixed number of ticks, i.e. after set_ticks() or using a FixedLocator.\n",
      "  ax.set_yticklabels(['0%', '0%', '20%', '40%', '60%', '80%'])\n",
      "c:\\Users\\yoswald\\Dropbox\\Arbeit\\postdoc_leeds\\real_time_ineq_abm\\rtabm\\model2_class.py:190: UserWarning: set_ticklabels() should only be used with a fixed number of ticks, i.e. after set_ticks() or using a FixedLocator.\n",
      "  ax.set_yticklabels(['0%', '0%', '20%', '40%', '60%', '80%'])\n",
      "Model error estimate without ENKF:  20%|██        | 6/30 [00:38<02:33,  6.40s/it]c:\\Users\\yoswald\\Dropbox\\Arbeit\\postdoc_leeds\\real_time_ineq_abm\\rtabm\\model1_class.py:264: UserWarning: set_ticklabels() should only be used with a fixed number of ticks, i.e. after set_ticks() or using a FixedLocator.\n",
      "  ax.set_yticklabels(['0%', '0%', '20%', '40%', '60%', '80%'])\n",
      "c:\\Users\\yoswald\\Dropbox\\Arbeit\\postdoc_leeds\\real_time_ineq_abm\\rtabm\\model2_class.py:190: UserWarning: set_ticklabels() should only be used with a fixed number of ticks, i.e. after set_ticks() or using a FixedLocator.\n",
      "  ax.set_yticklabels(['0%', '0%', '20%', '40%', '60%', '80%'])\n",
      "Model error estimate without ENKF:  23%|██▎       | 7/30 [00:46<02:37,  6.85s/it]c:\\Users\\yoswald\\Dropbox\\Arbeit\\postdoc_leeds\\real_time_ineq_abm\\rtabm\\model1_class.py:264: UserWarning: set_ticklabels() should only be used with a fixed number of ticks, i.e. after set_ticks() or using a FixedLocator.\n",
      "  ax.set_yticklabels(['0%', '0%', '20%', '40%', '60%', '80%'])\n",
      "c:\\Users\\yoswald\\Dropbox\\Arbeit\\postdoc_leeds\\real_time_ineq_abm\\rtabm\\model2_class.py:190: UserWarning: set_ticklabels() should only be used with a fixed number of ticks, i.e. after set_ticks() or using a FixedLocator.\n",
      "  ax.set_yticklabels(['0%', '0%', '20%', '40%', '60%', '80%'])\n",
      "Model error estimate without ENKF:  27%|██▋       | 8/30 [00:48<01:59,  5.41s/it]c:\\Users\\yoswald\\Dropbox\\Arbeit\\postdoc_leeds\\real_time_ineq_abm\\rtabm\\model1_class.py:264: UserWarning: set_ticklabels() should only be used with a fixed number of ticks, i.e. after set_ticks() or using a FixedLocator.\n",
      "  ax.set_yticklabels(['0%', '0%', '20%', '40%', '60%', '80%'])\n",
      "c:\\Users\\yoswald\\Dropbox\\Arbeit\\postdoc_leeds\\real_time_ineq_abm\\rtabm\\model2_class.py:190: UserWarning: set_ticklabels() should only be used with a fixed number of ticks, i.e. after set_ticks() or using a FixedLocator.\n",
      "  ax.set_yticklabels(['0%', '0%', '20%', '40%', '60%', '80%'])\n",
      "Model error estimate without ENKF:  30%|███       | 9/30 [00:50<01:28,  4.24s/it]c:\\Users\\yoswald\\Dropbox\\Arbeit\\postdoc_leeds\\real_time_ineq_abm\\rtabm\\model1_class.py:264: UserWarning: set_ticklabels() should only be used with a fixed number of ticks, i.e. after set_ticks() or using a FixedLocator.\n",
      "  ax.set_yticklabels(['0%', '0%', '20%', '40%', '60%', '80%'])\n",
      "c:\\Users\\yoswald\\Dropbox\\Arbeit\\postdoc_leeds\\real_time_ineq_abm\\rtabm\\model2_class.py:190: UserWarning: set_ticklabels() should only be used with a fixed number of ticks, i.e. after set_ticks() or using a FixedLocator.\n",
      "  ax.set_yticklabels(['0%', '0%', '20%', '40%', '60%', '80%'])\n",
      "Model error estimate without ENKF:  33%|███▎      | 10/30 [00:51<01:08,  3.43s/it]c:\\Users\\yoswald\\Dropbox\\Arbeit\\postdoc_leeds\\real_time_ineq_abm\\rtabm\\model1_class.py:264: UserWarning: set_ticklabels() should only be used with a fixed number of ticks, i.e. after set_ticks() or using a FixedLocator.\n",
      "  ax.set_yticklabels(['0%', '0%', '20%', '40%', '60%', '80%'])\n",
      "c:\\Users\\yoswald\\Dropbox\\Arbeit\\postdoc_leeds\\real_time_ineq_abm\\rtabm\\model2_class.py:190: UserWarning: set_ticklabels() should only be used with a fixed number of ticks, i.e. after set_ticks() or using a FixedLocator.\n",
      "  ax.set_yticklabels(['0%', '0%', '20%', '40%', '60%', '80%'])\n",
      "Model error estimate without ENKF:  37%|███▋      | 11/30 [00:53<00:54,  2.89s/it]c:\\Users\\yoswald\\Dropbox\\Arbeit\\postdoc_leeds\\real_time_ineq_abm\\rtabm\\model1_class.py:264: UserWarning: set_ticklabels() should only be used with a fixed number of ticks, i.e. after set_ticks() or using a FixedLocator.\n",
      "  ax.set_yticklabels(['0%', '0%', '20%', '40%', '60%', '80%'])\n",
      "c:\\Users\\yoswald\\Dropbox\\Arbeit\\postdoc_leeds\\real_time_ineq_abm\\rtabm\\model2_class.py:190: UserWarning: set_ticklabels() should only be used with a fixed number of ticks, i.e. after set_ticks() or using a FixedLocator.\n",
      "  ax.set_yticklabels(['0%', '0%', '20%', '40%', '60%', '80%'])\n",
      "Model error estimate without ENKF:  40%|████      | 12/30 [00:56<00:54,  3.04s/it]c:\\Users\\yoswald\\Dropbox\\Arbeit\\postdoc_leeds\\real_time_ineq_abm\\rtabm\\model1_class.py:264: UserWarning: set_ticklabels() should only be used with a fixed number of ticks, i.e. after set_ticks() or using a FixedLocator.\n",
      "  ax.set_yticklabels(['0%', '0%', '20%', '40%', '60%', '80%'])\n",
      "c:\\Users\\yoswald\\Dropbox\\Arbeit\\postdoc_leeds\\real_time_ineq_abm\\rtabm\\model2_class.py:190: UserWarning: set_ticklabels() should only be used with a fixed number of ticks, i.e. after set_ticks() or using a FixedLocator.\n",
      "  ax.set_yticklabels(['0%', '0%', '20%', '40%', '60%', '80%'])\n",
      "Model error estimate without ENKF:  43%|████▎     | 13/30 [01:03<01:09,  4.08s/it]c:\\Users\\yoswald\\Dropbox\\Arbeit\\postdoc_leeds\\real_time_ineq_abm\\rtabm\\model1_class.py:264: UserWarning: set_ticklabels() should only be used with a fixed number of ticks, i.e. after set_ticks() or using a FixedLocator.\n",
      "  ax.set_yticklabels(['0%', '0%', '20%', '40%', '60%', '80%'])\n",
      "c:\\Users\\yoswald\\Dropbox\\Arbeit\\postdoc_leeds\\real_time_ineq_abm\\rtabm\\model2_class.py:190: UserWarning: set_ticklabels() should only be used with a fixed number of ticks, i.e. after set_ticks() or using a FixedLocator.\n",
      "  ax.set_yticklabels(['0%', '0%', '20%', '40%', '60%', '80%'])\n",
      "Model error estimate without ENKF:  47%|████▋     | 14/30 [01:09<01:16,  4.77s/it]c:\\Users\\yoswald\\Dropbox\\Arbeit\\postdoc_leeds\\real_time_ineq_abm\\rtabm\\model1_class.py:264: UserWarning: set_ticklabels() should only be used with a fixed number of ticks, i.e. after set_ticks() or using a FixedLocator.\n",
      "  ax.set_yticklabels(['0%', '0%', '20%', '40%', '60%', '80%'])\n",
      "c:\\Users\\yoswald\\Dropbox\\Arbeit\\postdoc_leeds\\real_time_ineq_abm\\rtabm\\model2_class.py:190: UserWarning: set_ticklabels() should only be used with a fixed number of ticks, i.e. after set_ticks() or using a FixedLocator.\n",
      "  ax.set_yticklabels(['0%', '0%', '20%', '40%', '60%', '80%'])\n",
      "Model error estimate without ENKF:  50%|█████     | 15/30 [01:17<01:25,  5.68s/it]c:\\Users\\yoswald\\Dropbox\\Arbeit\\postdoc_leeds\\real_time_ineq_abm\\rtabm\\model1_class.py:264: UserWarning: set_ticklabels() should only be used with a fixed number of ticks, i.e. after set_ticks() or using a FixedLocator.\n",
      "  ax.set_yticklabels(['0%', '0%', '20%', '40%', '60%', '80%'])\n",
      "c:\\Users\\yoswald\\Dropbox\\Arbeit\\postdoc_leeds\\real_time_ineq_abm\\rtabm\\model2_class.py:190: UserWarning: set_ticklabels() should only be used with a fixed number of ticks, i.e. after set_ticks() or using a FixedLocator.\n",
      "  ax.set_yticklabels(['0%', '0%', '20%', '40%', '60%', '80%'])\n",
      "Model error estimate without ENKF:  53%|█████▎    | 16/30 [01:24<01:23,  5.94s/it]c:\\Users\\yoswald\\Dropbox\\Arbeit\\postdoc_leeds\\real_time_ineq_abm\\rtabm\\model1_class.py:264: UserWarning: set_ticklabels() should only be used with a fixed number of ticks, i.e. after set_ticks() or using a FixedLocator.\n",
      "  ax.set_yticklabels(['0%', '0%', '20%', '40%', '60%', '80%'])\n",
      "c:\\Users\\yoswald\\Dropbox\\Arbeit\\postdoc_leeds\\real_time_ineq_abm\\rtabm\\model2_class.py:190: UserWarning: set_ticklabels() should only be used with a fixed number of ticks, i.e. after set_ticks() or using a FixedLocator.\n",
      "  ax.set_yticklabels(['0%', '0%', '20%', '40%', '60%', '80%'])\n",
      "Model error estimate without ENKF:  57%|█████▋    | 17/30 [01:30<01:19,  6.10s/it]c:\\Users\\yoswald\\Dropbox\\Arbeit\\postdoc_leeds\\real_time_ineq_abm\\rtabm\\model1_class.py:264: UserWarning: set_ticklabels() should only be used with a fixed number of ticks, i.e. after set_ticks() or using a FixedLocator.\n",
      "  ax.set_yticklabels(['0%', '0%', '20%', '40%', '60%', '80%'])\n",
      "c:\\Users\\yoswald\\Dropbox\\Arbeit\\postdoc_leeds\\real_time_ineq_abm\\rtabm\\model2_class.py:190: UserWarning: set_ticklabels() should only be used with a fixed number of ticks, i.e. after set_ticks() or using a FixedLocator.\n",
      "  ax.set_yticklabels(['0%', '0%', '20%', '40%', '60%', '80%'])\n",
      "Model error estimate without ENKF:  60%|██████    | 18/30 [01:36<01:14,  6.19s/it]c:\\Users\\yoswald\\Dropbox\\Arbeit\\postdoc_leeds\\real_time_ineq_abm\\rtabm\\model1_class.py:264: UserWarning: set_ticklabels() should only be used with a fixed number of ticks, i.e. after set_ticks() or using a FixedLocator.\n",
      "  ax.set_yticklabels(['0%', '0%', '20%', '40%', '60%', '80%'])\n",
      "c:\\Users\\yoswald\\Dropbox\\Arbeit\\postdoc_leeds\\real_time_ineq_abm\\rtabm\\model2_class.py:190: UserWarning: set_ticklabels() should only be used with a fixed number of ticks, i.e. after set_ticks() or using a FixedLocator.\n",
      "  ax.set_yticklabels(['0%', '0%', '20%', '40%', '60%', '80%'])\n",
      "Model error estimate without ENKF:  63%|██████▎   | 19/30 [01:43<01:08,  6.25s/it]c:\\Users\\yoswald\\Dropbox\\Arbeit\\postdoc_leeds\\real_time_ineq_abm\\rtabm\\model1_class.py:264: UserWarning: set_ticklabels() should only be used with a fixed number of ticks, i.e. after set_ticks() or using a FixedLocator.\n",
      "  ax.set_yticklabels(['0%', '0%', '20%', '40%', '60%', '80%'])\n",
      "c:\\Users\\yoswald\\Dropbox\\Arbeit\\postdoc_leeds\\real_time_ineq_abm\\rtabm\\model2_class.py:190: UserWarning: set_ticklabels() should only be used with a fixed number of ticks, i.e. after set_ticks() or using a FixedLocator.\n",
      "  ax.set_yticklabels(['0%', '0%', '20%', '40%', '60%', '80%'])\n",
      "Model error estimate without ENKF:  67%|██████▋   | 20/30 [01:49<01:03,  6.31s/it]c:\\Users\\yoswald\\Dropbox\\Arbeit\\postdoc_leeds\\real_time_ineq_abm\\rtabm\\benchmarking_error_simple.py:95: RuntimeWarning: More than 20 figures have been opened. Figures created through the pyplot interface (`matplotlib.pyplot.figure`) are retained until explicitly closed and may consume too much memory. (To control this warning, see the rcParam `figure.max_open_warning`). Consider using `matplotlib.pyplot.close()`.\n",
      "  fig, (ax1, ax2) = plt.subplots(1, 2,figsize=(10,4))\n",
      "c:\\Users\\yoswald\\Dropbox\\Arbeit\\postdoc_leeds\\real_time_ineq_abm\\rtabm\\model1_class.py:264: UserWarning: set_ticklabels() should only be used with a fixed number of ticks, i.e. after set_ticks() or using a FixedLocator.\n",
      "  ax.set_yticklabels(['0%', '0%', '20%', '40%', '60%', '80%'])\n",
      "c:\\Users\\yoswald\\Dropbox\\Arbeit\\postdoc_leeds\\real_time_ineq_abm\\rtabm\\model2_class.py:190: UserWarning: set_ticklabels() should only be used with a fixed number of ticks, i.e. after set_ticks() or using a FixedLocator.\n",
      "  ax.set_yticklabels(['0%', '0%', '20%', '40%', '60%', '80%'])\n",
      "Model error estimate without ENKF:  70%|███████   | 21/30 [01:56<00:57,  6.37s/it]c:\\Users\\yoswald\\Dropbox\\Arbeit\\postdoc_leeds\\real_time_ineq_abm\\rtabm\\model1_class.py:264: UserWarning: set_ticklabels() should only be used with a fixed number of ticks, i.e. after set_ticks() or using a FixedLocator.\n",
      "  ax.set_yticklabels(['0%', '0%', '20%', '40%', '60%', '80%'])\n",
      "c:\\Users\\yoswald\\Dropbox\\Arbeit\\postdoc_leeds\\real_time_ineq_abm\\rtabm\\model2_class.py:190: UserWarning: set_ticklabels() should only be used with a fixed number of ticks, i.e. after set_ticks() or using a FixedLocator.\n",
      "  ax.set_yticklabels(['0%', '0%', '20%', '40%', '60%', '80%'])\n",
      "Model error estimate without ENKF:  73%|███████▎  | 22/30 [02:02<00:51,  6.39s/it]c:\\Users\\yoswald\\Dropbox\\Arbeit\\postdoc_leeds\\real_time_ineq_abm\\rtabm\\model1_class.py:264: UserWarning: set_ticklabels() should only be used with a fixed number of ticks, i.e. after set_ticks() or using a FixedLocator.\n",
      "  ax.set_yticklabels(['0%', '0%', '20%', '40%', '60%', '80%'])\n",
      "c:\\Users\\yoswald\\Dropbox\\Arbeit\\postdoc_leeds\\real_time_ineq_abm\\rtabm\\model2_class.py:190: UserWarning: set_ticklabels() should only be used with a fixed number of ticks, i.e. after set_ticks() or using a FixedLocator.\n",
      "  ax.set_yticklabels(['0%', '0%', '20%', '40%', '60%', '80%'])\n",
      "Model error estimate without ENKF:  77%|███████▋  | 23/30 [02:10<00:47,  6.80s/it]c:\\Users\\yoswald\\Dropbox\\Arbeit\\postdoc_leeds\\real_time_ineq_abm\\rtabm\\model1_class.py:264: UserWarning: set_ticklabels() should only be used with a fixed number of ticks, i.e. after set_ticks() or using a FixedLocator.\n",
      "  ax.set_yticklabels(['0%', '0%', '20%', '40%', '60%', '80%'])\n",
      "c:\\Users\\yoswald\\Dropbox\\Arbeit\\postdoc_leeds\\real_time_ineq_abm\\rtabm\\model2_class.py:190: UserWarning: set_ticklabels() should only be used with a fixed number of ticks, i.e. after set_ticks() or using a FixedLocator.\n",
      "  ax.set_yticklabels(['0%', '0%', '20%', '40%', '60%', '80%'])\n",
      "Model error estimate without ENKF:  80%|████████  | 24/30 [02:16<00:40,  6.70s/it]c:\\Users\\yoswald\\Dropbox\\Arbeit\\postdoc_leeds\\real_time_ineq_abm\\rtabm\\model1_class.py:264: UserWarning: set_ticklabels() should only be used with a fixed number of ticks, i.e. after set_ticks() or using a FixedLocator.\n",
      "  ax.set_yticklabels(['0%', '0%', '20%', '40%', '60%', '80%'])\n",
      "c:\\Users\\yoswald\\Dropbox\\Arbeit\\postdoc_leeds\\real_time_ineq_abm\\rtabm\\model2_class.py:190: UserWarning: set_ticklabels() should only be used with a fixed number of ticks, i.e. after set_ticks() or using a FixedLocator.\n",
      "  ax.set_yticklabels(['0%', '0%', '20%', '40%', '60%', '80%'])\n",
      "Model error estimate without ENKF:  83%|████████▎ | 25/30 [02:23<00:33,  6.60s/it]c:\\Users\\yoswald\\Dropbox\\Arbeit\\postdoc_leeds\\real_time_ineq_abm\\rtabm\\model1_class.py:264: UserWarning: set_ticklabels() should only be used with a fixed number of ticks, i.e. after set_ticks() or using a FixedLocator.\n",
      "  ax.set_yticklabels(['0%', '0%', '20%', '40%', '60%', '80%'])\n",
      "c:\\Users\\yoswald\\Dropbox\\Arbeit\\postdoc_leeds\\real_time_ineq_abm\\rtabm\\model2_class.py:190: UserWarning: set_ticklabels() should only be used with a fixed number of ticks, i.e. after set_ticks() or using a FixedLocator.\n",
      "  ax.set_yticklabels(['0%', '0%', '20%', '40%', '60%', '80%'])\n",
      "Model error estimate without ENKF:  87%|████████▋ | 26/30 [02:29<00:26,  6.55s/it]c:\\Users\\yoswald\\Dropbox\\Arbeit\\postdoc_leeds\\real_time_ineq_abm\\rtabm\\model1_class.py:264: UserWarning: set_ticklabels() should only be used with a fixed number of ticks, i.e. after set_ticks() or using a FixedLocator.\n",
      "  ax.set_yticklabels(['0%', '0%', '20%', '40%', '60%', '80%'])\n",
      "c:\\Users\\yoswald\\Dropbox\\Arbeit\\postdoc_leeds\\real_time_ineq_abm\\rtabm\\model2_class.py:190: UserWarning: set_ticklabels() should only be used with a fixed number of ticks, i.e. after set_ticks() or using a FixedLocator.\n",
      "  ax.set_yticklabels(['0%', '0%', '20%', '40%', '60%', '80%'])\n",
      "Model error estimate without ENKF:  90%|█████████ | 27/30 [02:36<00:19,  6.50s/it]c:\\Users\\yoswald\\Dropbox\\Arbeit\\postdoc_leeds\\real_time_ineq_abm\\rtabm\\model1_class.py:264: UserWarning: set_ticklabels() should only be used with a fixed number of ticks, i.e. after set_ticks() or using a FixedLocator.\n",
      "  ax.set_yticklabels(['0%', '0%', '20%', '40%', '60%', '80%'])\n",
      "c:\\Users\\yoswald\\Dropbox\\Arbeit\\postdoc_leeds\\real_time_ineq_abm\\rtabm\\model2_class.py:190: UserWarning: set_ticklabels() should only be used with a fixed number of ticks, i.e. after set_ticks() or using a FixedLocator.\n",
      "  ax.set_yticklabels(['0%', '0%', '20%', '40%', '60%', '80%'])\n",
      "Model error estimate without ENKF:  93%|█████████▎| 28/30 [02:42<00:12,  6.46s/it]c:\\Users\\yoswald\\Dropbox\\Arbeit\\postdoc_leeds\\real_time_ineq_abm\\rtabm\\model1_class.py:264: UserWarning: set_ticklabels() should only be used with a fixed number of ticks, i.e. after set_ticks() or using a FixedLocator.\n",
      "  ax.set_yticklabels(['0%', '0%', '20%', '40%', '60%', '80%'])\n",
      "c:\\Users\\yoswald\\Dropbox\\Arbeit\\postdoc_leeds\\real_time_ineq_abm\\rtabm\\model2_class.py:190: UserWarning: set_ticklabels() should only be used with a fixed number of ticks, i.e. after set_ticks() or using a FixedLocator.\n",
      "  ax.set_yticklabels(['0%', '0%', '20%', '40%', '60%', '80%'])\n",
      "Model error estimate without ENKF:  97%|█████████▋| 29/30 [02:48<00:06,  6.44s/it]c:\\Users\\yoswald\\Dropbox\\Arbeit\\postdoc_leeds\\real_time_ineq_abm\\rtabm\\model1_class.py:264: UserWarning: set_ticklabels() should only be used with a fixed number of ticks, i.e. after set_ticks() or using a FixedLocator.\n",
      "  ax.set_yticklabels(['0%', '0%', '20%', '40%', '60%', '80%'])\n",
      "c:\\Users\\yoswald\\Dropbox\\Arbeit\\postdoc_leeds\\real_time_ineq_abm\\rtabm\\model2_class.py:190: UserWarning: set_ticklabels() should only be used with a fixed number of ticks, i.e. after set_ticks() or using a FixedLocator.\n",
      "  ax.set_yticklabels(['0%', '0%', '20%', '40%', '60%', '80%'])\n",
      "Model error estimate without ENKF: 100%|██████████| 30/30 [02:54<00:00,  5.82s/it]\n",
      "c:\\Users\\yoswald\\Dropbox\\Arbeit\\postdoc_leeds\\real_time_ineq_abm\\rtabm\\model1_class.py:264: UserWarning: set_ticklabels() should only be used with a fixed number of ticks, i.e. after set_ticks() or using a FixedLocator.\n",
      "  ax.set_yticklabels(['0%', '0%', '20%', '40%', '60%', '80%'])\n",
      "c:\\Users\\yoswald\\Dropbox\\Arbeit\\postdoc_leeds\\real_time_ineq_abm\\rtabm\\model2_class.py:190: UserWarning: set_ticklabels() should only be used with a fixed number of ticks, i.e. after set_ticks() or using a FixedLocator.\n",
      "  ax.set_yticklabels(['0%', '0%', '20%', '40%', '60%', '80%'])\n"
     ]
    },
    {
     "name": "stdout",
     "output_type": "stream",
     "text": [
      "(396, 4)\n",
      "(396, 4)\n",
      "this is data vector [[0.28628868 0.36080472 0.33442173 0.01848487]\n",
      " [0.28581432 0.36113329 0.3347986  0.01825377]\n",
      " [0.28561731 0.36136464 0.33496598 0.01805208]\n",
      " ...\n",
      " [0.34502427 0.34944692 0.29658986 0.00893895]\n",
      " [0.34880103 0.34820548 0.29410659 0.0088869 ]\n",
      " [0.34413446 0.35030326 0.29692774 0.00863453]]\n",
      "(396, 4)\n",
      "(396, 4)\n",
      "this is data vector [[0.28628868 0.36080472 0.33442173 0.01848487]\n",
      " [0.28581432 0.36113329 0.3347986  0.01825377]\n",
      " [0.28561731 0.36136464 0.33496598 0.01805208]\n",
      " ...\n",
      " [0.34502427 0.34944692 0.29658986 0.00893895]\n",
      " [0.34880103 0.34820548 0.29410659 0.0088869 ]\n",
      " [0.34413446 0.35030326 0.29692774 0.00863453]]\n",
      "(396, 4)\n",
      "(396, 4)\n",
      "this is data vector [[0.28628868 0.36080472 0.33442173 0.01848487]\n",
      " [0.28581432 0.36113329 0.3347986  0.01825377]\n",
      " [0.28561731 0.36136464 0.33496598 0.01805208]\n",
      " ...\n",
      " [0.34502427 0.34944692 0.29658986 0.00893895]\n",
      " [0.34880103 0.34820548 0.29410659 0.0088869 ]\n",
      " [0.34413446 0.35030326 0.29692774 0.00863453]]\n",
      "(396, 4)\n",
      "(396, 4)\n",
      "this is data vector [[0.28628868 0.36080472 0.33442173 0.01848487]\n",
      " [0.28581432 0.36113329 0.3347986  0.01825377]\n",
      " [0.28561731 0.36136464 0.33496598 0.01805208]\n",
      " ...\n",
      " [0.34502427 0.34944692 0.29658986 0.00893895]\n",
      " [0.34880103 0.34820548 0.29410659 0.0088869 ]\n",
      " [0.34413446 0.35030326 0.29692774 0.00863453]]\n",
      "(396, 4)\n",
      "(396, 4)\n",
      "this is data vector [[0.28628868 0.36080472 0.33442173 0.01848487]\n",
      " [0.28581432 0.36113329 0.3347986  0.01825377]\n",
      " [0.28561731 0.36136464 0.33496598 0.01805208]\n",
      " ...\n",
      " [0.34502427 0.34944692 0.29658986 0.00893895]\n",
      " [0.34880103 0.34820548 0.29410659 0.0088869 ]\n",
      " [0.34413446 0.35030326 0.29692774 0.00863453]]\n",
      "(396, 4)\n",
      "(396, 4)\n",
      "this is data vector [[0.28628868 0.36080472 0.33442173 0.01848487]\n",
      " [0.28581432 0.36113329 0.3347986  0.01825377]\n",
      " [0.28561731 0.36136464 0.33496598 0.01805208]\n",
      " ...\n",
      " [0.34502427 0.34944692 0.29658986 0.00893895]\n",
      " [0.34880103 0.34820548 0.29410659 0.0088869 ]\n",
      " [0.34413446 0.35030326 0.29692774 0.00863453]]\n",
      "(396, 4)\n",
      "(396, 4)\n",
      "this is data vector [[0.28628868 0.36080472 0.33442173 0.01848487]\n",
      " [0.28581432 0.36113329 0.3347986  0.01825377]\n",
      " [0.28561731 0.36136464 0.33496598 0.01805208]\n",
      " ...\n",
      " [0.34502427 0.34944692 0.29658986 0.00893895]\n",
      " [0.34880103 0.34820548 0.29410659 0.0088869 ]\n",
      " [0.34413446 0.35030326 0.29692774 0.00863453]]\n",
      "(396, 4)\n",
      "(396, 4)\n",
      "this is data vector [[0.28628868 0.36080472 0.33442173 0.01848487]\n",
      " [0.28581432 0.36113329 0.3347986  0.01825377]\n",
      " [0.28561731 0.36136464 0.33496598 0.01805208]\n",
      " ...\n",
      " [0.34502427 0.34944692 0.29658986 0.00893895]\n",
      " [0.34880103 0.34820548 0.29410659 0.0088869 ]\n",
      " [0.34413446 0.35030326 0.29692774 0.00863453]]\n",
      "(396, 4)\n",
      "(396, 4)\n",
      "this is data vector [[0.28628868 0.36080472 0.33442173 0.01848487]\n",
      " [0.28581432 0.36113329 0.3347986  0.01825377]\n",
      " [0.28561731 0.36136464 0.33496598 0.01805208]\n",
      " ...\n",
      " [0.34502427 0.34944692 0.29658986 0.00893895]\n",
      " [0.34880103 0.34820548 0.29410659 0.0088869 ]\n",
      " [0.34413446 0.35030326 0.29692774 0.00863453]]\n",
      "(396, 4)\n",
      "(396, 4)\n",
      "this is data vector [[0.28628868 0.36080472 0.33442173 0.01848487]\n",
      " [0.28581432 0.36113329 0.3347986  0.01825377]\n",
      " [0.28561731 0.36136464 0.33496598 0.01805208]\n",
      " ...\n",
      " [0.34502427 0.34944692 0.29658986 0.00893895]\n",
      " [0.34880103 0.34820548 0.29410659 0.0088869 ]\n",
      " [0.34413446 0.35030326 0.29692774 0.00863453]]\n",
      "(396, 4)\n",
      "(396, 4)\n",
      "this is data vector [[0.28628868 0.36080472 0.33442173 0.01848487]\n",
      " [0.28581432 0.36113329 0.3347986  0.01825377]\n",
      " [0.28561731 0.36136464 0.33496598 0.01805208]\n",
      " ...\n",
      " [0.34502427 0.34944692 0.29658986 0.00893895]\n",
      " [0.34880103 0.34820548 0.29410659 0.0088869 ]\n",
      " [0.34413446 0.35030326 0.29692774 0.00863453]]\n",
      "(396, 4)\n",
      "(396, 4)\n",
      "this is data vector [[0.28628868 0.36080472 0.33442173 0.01848487]\n",
      " [0.28581432 0.36113329 0.3347986  0.01825377]\n",
      " [0.28561731 0.36136464 0.33496598 0.01805208]\n",
      " ...\n",
      " [0.34502427 0.34944692 0.29658986 0.00893895]\n",
      " [0.34880103 0.34820548 0.29410659 0.0088869 ]\n",
      " [0.34413446 0.35030326 0.29692774 0.00863453]]\n",
      "(396, 4)\n",
      "(396, 4)\n",
      "this is data vector [[0.28628868 0.36080472 0.33442173 0.01848487]\n",
      " [0.28581432 0.36113329 0.3347986  0.01825377]\n",
      " [0.28561731 0.36136464 0.33496598 0.01805208]\n",
      " ...\n",
      " [0.34502427 0.34944692 0.29658986 0.00893895]\n",
      " [0.34880103 0.34820548 0.29410659 0.0088869 ]\n",
      " [0.34413446 0.35030326 0.29692774 0.00863453]]\n",
      "(396, 4)\n",
      "(396, 4)\n",
      "this is data vector [[0.28628868 0.36080472 0.33442173 0.01848487]\n",
      " [0.28581432 0.36113329 0.3347986  0.01825377]\n",
      " [0.28561731 0.36136464 0.33496598 0.01805208]\n",
      " ...\n",
      " [0.34502427 0.34944692 0.29658986 0.00893895]\n",
      " [0.34880103 0.34820548 0.29410659 0.0088869 ]\n",
      " [0.34413446 0.35030326 0.29692774 0.00863453]]\n",
      "(396, 4)\n",
      "(396, 4)\n",
      "this is data vector [[0.28628868 0.36080472 0.33442173 0.01848487]\n",
      " [0.28581432 0.36113329 0.3347986  0.01825377]\n",
      " [0.28561731 0.36136464 0.33496598 0.01805208]\n",
      " ...\n",
      " [0.34502427 0.34944692 0.29658986 0.00893895]\n",
      " [0.34880103 0.34820548 0.29410659 0.0088869 ]\n",
      " [0.34413446 0.35030326 0.29692774 0.00863453]]\n",
      "(396, 4)\n",
      "(396, 4)\n",
      "this is data vector [[0.28628868 0.36080472 0.33442173 0.01848487]\n",
      " [0.28581432 0.36113329 0.3347986  0.01825377]\n",
      " [0.28561731 0.36136464 0.33496598 0.01805208]\n",
      " ...\n",
      " [0.34502427 0.34944692 0.29658986 0.00893895]\n",
      " [0.34880103 0.34820548 0.29410659 0.0088869 ]\n",
      " [0.34413446 0.35030326 0.29692774 0.00863453]]\n",
      "(396, 4)\n",
      "(396, 4)\n",
      "this is data vector [[0.28628868 0.36080472 0.33442173 0.01848487]\n",
      " [0.28581432 0.36113329 0.3347986  0.01825377]\n",
      " [0.28561731 0.36136464 0.33496598 0.01805208]\n",
      " ...\n",
      " [0.34502427 0.34944692 0.29658986 0.00893895]\n",
      " [0.34880103 0.34820548 0.29410659 0.0088869 ]\n",
      " [0.34413446 0.35030326 0.29692774 0.00863453]]\n",
      "(396, 4)\n",
      "(396, 4)\n",
      "this is data vector [[0.28628868 0.36080472 0.33442173 0.01848487]\n",
      " [0.28581432 0.36113329 0.3347986  0.01825377]\n",
      " [0.28561731 0.36136464 0.33496598 0.01805208]\n",
      " ...\n",
      " [0.34502427 0.34944692 0.29658986 0.00893895]\n",
      " [0.34880103 0.34820548 0.29410659 0.0088869 ]\n",
      " [0.34413446 0.35030326 0.29692774 0.00863453]]\n",
      "(396, 4)\n",
      "(396, 4)\n",
      "this is data vector [[0.28628868 0.36080472 0.33442173 0.01848487]\n",
      " [0.28581432 0.36113329 0.3347986  0.01825377]\n",
      " [0.28561731 0.36136464 0.33496598 0.01805208]\n",
      " ...\n",
      " [0.34502427 0.34944692 0.29658986 0.00893895]\n",
      " [0.34880103 0.34820548 0.29410659 0.0088869 ]\n",
      " [0.34413446 0.35030326 0.29692774 0.00863453]]\n",
      "(396, 4)\n",
      "(396, 4)\n",
      "this is data vector [[0.28628868 0.36080472 0.33442173 0.01848487]\n",
      " [0.28581432 0.36113329 0.3347986  0.01825377]\n",
      " [0.28561731 0.36136464 0.33496598 0.01805208]\n",
      " ...\n",
      " [0.34502427 0.34944692 0.29658986 0.00893895]\n",
      " [0.34880103 0.34820548 0.29410659 0.0088869 ]\n",
      " [0.34413446 0.35030326 0.29692774 0.00863453]]\n",
      "(396, 4)\n",
      "(396, 4)\n",
      "this is data vector [[0.28628868 0.36080472 0.33442173 0.01848487]\n",
      " [0.28581432 0.36113329 0.3347986  0.01825377]\n",
      " [0.28561731 0.36136464 0.33496598 0.01805208]\n",
      " ...\n",
      " [0.34502427 0.34944692 0.29658986 0.00893895]\n",
      " [0.34880103 0.34820548 0.29410659 0.0088869 ]\n",
      " [0.34413446 0.35030326 0.29692774 0.00863453]]\n",
      "(396, 4)\n",
      "(396, 4)\n",
      "this is data vector [[0.28628868 0.36080472 0.33442173 0.01848487]\n",
      " [0.28581432 0.36113329 0.3347986  0.01825377]\n",
      " [0.28561731 0.36136464 0.33496598 0.01805208]\n",
      " ...\n",
      " [0.34502427 0.34944692 0.29658986 0.00893895]\n",
      " [0.34880103 0.34820548 0.29410659 0.0088869 ]\n",
      " [0.34413446 0.35030326 0.29692774 0.00863453]]\n",
      "(396, 4)\n",
      "(396, 4)\n",
      "this is data vector [[0.28628868 0.36080472 0.33442173 0.01848487]\n",
      " [0.28581432 0.36113329 0.3347986  0.01825377]\n",
      " [0.28561731 0.36136464 0.33496598 0.01805208]\n",
      " ...\n",
      " [0.34502427 0.34944692 0.29658986 0.00893895]\n",
      " [0.34880103 0.34820548 0.29410659 0.0088869 ]\n",
      " [0.34413446 0.35030326 0.29692774 0.00863453]]\n",
      "(396, 4)\n",
      "(396, 4)\n",
      "this is data vector [[0.28628868 0.36080472 0.33442173 0.01848487]\n",
      " [0.28581432 0.36113329 0.3347986  0.01825377]\n",
      " [0.28561731 0.36136464 0.33496598 0.01805208]\n",
      " ...\n",
      " [0.34502427 0.34944692 0.29658986 0.00893895]\n",
      " [0.34880103 0.34820548 0.29410659 0.0088869 ]\n",
      " [0.34413446 0.35030326 0.29692774 0.00863453]]\n",
      "(396, 4)\n",
      "(396, 4)\n",
      "this is data vector [[0.28628868 0.36080472 0.33442173 0.01848487]\n",
      " [0.28581432 0.36113329 0.3347986  0.01825377]\n",
      " [0.28561731 0.36136464 0.33496598 0.01805208]\n",
      " ...\n",
      " [0.34502427 0.34944692 0.29658986 0.00893895]\n",
      " [0.34880103 0.34820548 0.29410659 0.0088869 ]\n",
      " [0.34413446 0.35030326 0.29692774 0.00863453]]\n",
      "(396, 4)\n",
      "(396, 4)\n",
      "this is data vector [[0.28628868 0.36080472 0.33442173 0.01848487]\n",
      " [0.28581432 0.36113329 0.3347986  0.01825377]\n",
      " [0.28561731 0.36136464 0.33496598 0.01805208]\n",
      " ...\n",
      " [0.34502427 0.34944692 0.29658986 0.00893895]\n",
      " [0.34880103 0.34820548 0.29410659 0.0088869 ]\n",
      " [0.34413446 0.35030326 0.29692774 0.00863453]]\n",
      "(396, 4)\n",
      "(396, 4)\n",
      "this is data vector [[0.28628868 0.36080472 0.33442173 0.01848487]\n",
      " [0.28581432 0.36113329 0.3347986  0.01825377]\n",
      " [0.28561731 0.36136464 0.33496598 0.01805208]\n",
      " ...\n",
      " [0.34502427 0.34944692 0.29658986 0.00893895]\n",
      " [0.34880103 0.34820548 0.29410659 0.0088869 ]\n",
      " [0.34413446 0.35030326 0.29692774 0.00863453]]\n",
      "(396, 4)\n",
      "(396, 4)\n",
      "this is data vector [[0.28628868 0.36080472 0.33442173 0.01848487]\n",
      " [0.28581432 0.36113329 0.3347986  0.01825377]\n",
      " [0.28561731 0.36136464 0.33496598 0.01805208]\n",
      " ...\n",
      " [0.34502427 0.34944692 0.29658986 0.00893895]\n",
      " [0.34880103 0.34820548 0.29410659 0.0088869 ]\n",
      " [0.34413446 0.35030326 0.29692774 0.00863453]]\n",
      "(396, 4)\n",
      "(396, 4)\n",
      "this is data vector [[0.28628868 0.36080472 0.33442173 0.01848487]\n",
      " [0.28581432 0.36113329 0.3347986  0.01825377]\n",
      " [0.28561731 0.36136464 0.33496598 0.01805208]\n",
      " ...\n",
      " [0.34502427 0.34944692 0.29658986 0.00893895]\n",
      " [0.34880103 0.34820548 0.29410659 0.0088869 ]\n",
      " [0.34413446 0.35030326 0.29692774 0.00863453]]\n",
      "(396, 4)\n",
      "(396, 4)\n",
      "this is data vector [[0.28628868 0.36080472 0.33442173 0.01848487]\n",
      " [0.28581432 0.36113329 0.3347986  0.01825377]\n",
      " [0.28561731 0.36136464 0.33496598 0.01805208]\n",
      " ...\n",
      " [0.34502427 0.34944692 0.29658986 0.00893895]\n",
      " [0.34880103 0.34820548 0.29410659 0.0088869 ]\n",
      " [0.34413446 0.35030326 0.29692774 0.00863453]]\n",
      "(396, 4)\n",
      "(396, 4)\n",
      "this is data vector [[0.28628868 0.36080472 0.33442173 0.01848487]\n",
      " [0.28581432 0.36113329 0.3347986  0.01825377]\n",
      " [0.28561731 0.36136464 0.33496598 0.01805208]\n",
      " ...\n",
      " [0.34502427 0.34944692 0.29658986 0.00893895]\n",
      " [0.34880103 0.34820548 0.29410659 0.0088869 ]\n",
      " [0.34413446 0.35030326 0.29692774 0.00863453]]\n",
      "(396, 4)\n",
      "(396, 4)\n",
      "this is data vector [[0.28628868 0.36080472 0.33442173 0.01848487]\n",
      " [0.28581432 0.36113329 0.3347986  0.01825377]\n",
      " [0.28561731 0.36136464 0.33496598 0.01805208]\n",
      " ...\n",
      " [0.34502427 0.34944692 0.29658986 0.00893895]\n",
      " [0.34880103 0.34820548 0.29410659 0.0088869 ]\n",
      " [0.34413446 0.35030326 0.29692774 0.00863453]]\n",
      "(396, 4)\n",
      "(396, 4)\n",
      "this is data vector [[0.28628868 0.36080472 0.33442173 0.01848487]\n",
      " [0.28581432 0.36113329 0.3347986  0.01825377]\n",
      " [0.28561731 0.36136464 0.33496598 0.01805208]\n",
      " ...\n",
      " [0.34502427 0.34944692 0.29658986 0.00893895]\n",
      " [0.34880103 0.34820548 0.29410659 0.0088869 ]\n",
      " [0.34413446 0.35030326 0.29692774 0.00863453]]\n",
      "(396, 4)\n",
      "(396, 4)\n",
      "this is data vector [[0.28628868 0.36080472 0.33442173 0.01848487]\n",
      " [0.28581432 0.36113329 0.3347986  0.01825377]\n",
      " [0.28561731 0.36136464 0.33496598 0.01805208]\n",
      " ...\n",
      " [0.34502427 0.34944692 0.29658986 0.00893895]\n",
      " [0.34880103 0.34820548 0.29410659 0.0088869 ]\n",
      " [0.34413446 0.35030326 0.29692774 0.00863453]]\n",
      "(396, 4)\n",
      "(396, 4)\n",
      "this is data vector [[0.28628868 0.36080472 0.33442173 0.01848487]\n",
      " [0.28581432 0.36113329 0.3347986  0.01825377]\n",
      " [0.28561731 0.36136464 0.33496598 0.01805208]\n",
      " ...\n",
      " [0.34502427 0.34944692 0.29658986 0.00893895]\n",
      " [0.34880103 0.34820548 0.29410659 0.0088869 ]\n",
      " [0.34413446 0.35030326 0.29692774 0.00863453]]\n",
      "(396, 4)\n",
      "(396, 4)\n",
      "this is data vector [[0.28628868 0.36080472 0.33442173 0.01848487]\n",
      " [0.28581432 0.36113329 0.3347986  0.01825377]\n",
      " [0.28561731 0.36136464 0.33496598 0.01805208]\n",
      " ...\n",
      " [0.34502427 0.34944692 0.29658986 0.00893895]\n",
      " [0.34880103 0.34820548 0.29410659 0.0088869 ]\n",
      " [0.34413446 0.35030326 0.29692774 0.00863453]]\n",
      "(396, 4)\n",
      "(396, 4)\n",
      "this is data vector [[0.28628868 0.36080472 0.33442173 0.01848487]\n",
      " [0.28581432 0.36113329 0.3347986  0.01825377]\n",
      " [0.28561731 0.36136464 0.33496598 0.01805208]\n",
      " ...\n",
      " [0.34502427 0.34944692 0.29658986 0.00893895]\n",
      " [0.34880103 0.34820548 0.29410659 0.0088869 ]\n",
      " [0.34413446 0.35030326 0.29692774 0.00863453]]\n",
      "(396, 4)\n",
      "(396, 4)\n",
      "this is data vector [[0.28628868 0.36080472 0.33442173 0.01848487]\n",
      " [0.28581432 0.36113329 0.3347986  0.01825377]\n",
      " [0.28561731 0.36136464 0.33496598 0.01805208]\n",
      " ...\n",
      " [0.34502427 0.34944692 0.29658986 0.00893895]\n",
      " [0.34880103 0.34820548 0.29410659 0.0088869 ]\n",
      " [0.34413446 0.35030326 0.29692774 0.00863453]]\n",
      "(396, 4)\n",
      "(396, 4)\n",
      "this is data vector [[0.28628868 0.36080472 0.33442173 0.01848487]\n",
      " [0.28581432 0.36113329 0.3347986  0.01825377]\n",
      " [0.28561731 0.36136464 0.33496598 0.01805208]\n",
      " ...\n",
      " [0.34502427 0.34944692 0.29658986 0.00893895]\n",
      " [0.34880103 0.34820548 0.29410659 0.0088869 ]\n",
      " [0.34413446 0.35030326 0.29692774 0.00863453]]\n",
      "(396, 4)\n",
      "(396, 4)\n",
      "this is data vector [[0.28628868 0.36080472 0.33442173 0.01848487]\n",
      " [0.28581432 0.36113329 0.3347986  0.01825377]\n",
      " [0.28561731 0.36136464 0.33496598 0.01805208]\n",
      " ...\n",
      " [0.34502427 0.34944692 0.29658986 0.00893895]\n",
      " [0.34880103 0.34820548 0.29410659 0.0088869 ]\n",
